0.31545090675354004
0.3163480758666992
0.3107874393463135
0.3110020160675049
0.3095104694366455
0.313840389251709
0.3114643096923828
0.3116912841796875
0.3162984848022461
0.3099961280822754
0.31110644340515137
0.31581878662109375
0.30949854850769043
0.30977511405944824
0.3161458969116211
0.31192946434020996
0.31507301330566406
0.3159301280975342
0.30782032012939453
0.3025856018066406
0.30733633041381836
0.3036632537841797
0.3080134391784668
0.3343677520751953
0.2671205997467041
0.23980164527893066
0.24392199516296387
0.24065017700195312
0.24193334579467773
0.2415926456451416
0.24169015884399414
0.24303984642028809
0.24318194389343262
0.24170422554016113
0.24178433418273926
0.24195122718811035
0.31516528129577637
0.3285658359527588
0.3219139575958252
0.32888340950012207
0.33483362197875977
0.3226170539855957
0.3227992057800293
0.3230130672454834
0.32599425315856934
0.3277904987335205
0.32520008087158203
0.3266780376434326
0.3439767360687256
0.3222630023956299
0.32315564155578613
0.32474780082702637
0.35973167419433594
0.3270599842071533
0.31467556953430176
0.31148314476013184
0.31143808364868164
0.3225288391113281
0.30253028869628906
0.31261610984802246
0.2929110527038574
0.29373645782470703
0.29538846015930176
0.2933533191680908
0.29476499557495117
0.29477930068969727
0.2940237522125244
0.29703783988952637
0.3024306297302246
0.2919900417327881
0.29281115531921387
0.29204654693603516
0.29462122917175293
0.2969326972961426
0.2978198528289795
0.2944447994232178
0.29556894302368164
0.29735612869262695
0.2945878505706787
0.2960360050201416
0.2937939167022705
0.29920029640197754
0.305025577545166
0.2937617301940918
0.2941722869873047
0.2945823669433594
0.2959163188934326
0.29552698135375977
0.29361414909362793
0.295701265335083
0.29644036293029785
0.29726505279541016
0.2968320846557617
0.2975730895996094
0.29413461685180664
0.29744553565979004
0.29731130599975586
0.2946450710296631
0.298267126083374
0.3050415515899658
0.2951319217681885
0.2940959930419922
0.29554057121276855
0.2964184284210205
0.2965052127838135
0.2940998077392578
0.29836201667785645
0.29683780670166016
0.29432058334350586
0.2975006103515625
0.2944774627685547
0.29756879806518555
0.296156644821167
0.29645872116088867
0.29517602920532227
0.29712867736816406
0.295421838760376
0.2975921630859375
0.2967987060546875
0.29468488693237305
0.29788827896118164
0.2950928211212158
0.3064391613006592
0.29561829566955566
0.2957489490509033
0.3122379779815674
0.3035879135131836
0.2978956699371338
0.29964232444763184
0.3001375198364258
0.3019688129425049
0.31195855140686035
0.3111143112182617
0.31488513946533203
0.31060147285461426
0.3145890235900879
0.2945072650909424
0.2955009937286377
0.30031442642211914
0.29896998405456543
0.29968810081481934
0.30744314193725586
0.3135643005371094
0.3053553104400635
0.29921841621398926
0.298084020614624
0.3005092144012451
0.29725050926208496
0.34143829345703125
0.30133056640625
0.312056303024292
0.30060458183288574
0.3007059097290039
0.2987658977508545
0.30020999908447266
0.2979090213775635
0.30035877227783203
0.30329179763793945
0.31496739387512207
0.2998960018157959
0.3008255958557129
0.29984354972839355
0.3010871410369873
0.2998008728027344
0.30024147033691406
0.29987597465515137
0.2979555130004883
0.2982177734375
0.2975742816925049
0.2992539405822754
0.2997868061065674
0.29924845695495605
0.30080127716064453
0.2989325523376465
0.2997925281524658
0.2975590229034424
0.2973172664642334
0.2998046875
0.29783129692077637
0.29970359802246094
0.2987642288208008
0.2970619201660156
0.2992234230041504
0.29789018630981445
0.2969982624053955
0.29989171028137207
0.30086350440979004
0.30151844024658203
0.29131126403808594
0.28938865661621094
0.3001728057861328
0.29889822006225586
0.29116249084472656
0.2939319610595703
0.29814696311950684
0.2991781234741211
0.2976341247558594
0.2978651523590088
0.29870152473449707
0.29739975929260254
