0 1.1002439745834895 65.72857142857143
1 0.5989833035639354 78.68571428571428
2 0.5048590975148337 81.94285714285714
3 0.4464923024177551 83.51428571428572
4 0.41285416526453833 84.71428571428572
5 0.3688721595065934 86.34285714285714
6 0.36060544060809274 86.4857142857143
7 0.3254938447049686 87.82857142857144
8 0.3028899331177984 88.6
9 0.2968936990414347 88.77142857142857
10 0.29597790773425786 88.61428571428571
11 0.2555644479181085 90.22857142857143
12 0.27556284155164446 89.41428571428571
13 0.24562004591737474 90.81428571428572
14 0.2442904076405934 90.91428571428571
15 0.21756002924271992 92.0
16 0.21467882628951754 91.95714285714286
17 0.19790072526250566 92.80000000000001
18 0.2030966003026281 92.5
19 0.1869783782533237 93.25714285714287
20 0.190384577108281 93.22857142857143
21 0.18943065543259893 92.80000000000001
22 0.17168405087930816 93.89999999999999
23 0.16147359247718537 94.35714285714286
24 0.15542014869196075 94.55714285714286
25 0.16063135713338852 94.21428571428572
26 0.16898790619203022 94.51428571428572
27 0.16047670926366533 94.05714285714286
28 0.13721423569534505 95.52857142857142
29 0.14680191193308148 94.77142857142857
30 0.12184647885816438 96.37142857142858
31 0.14419392943382264 95.24285714285713
32 0.12312017290719918 95.97142857142858
33 0.12336073427328041 96.1
34 0.11501926582838808 96.22857142857143
35 0.10857524994228568 96.45714285714286
36 0.10586130150726863 96.55714285714285
37 0.11423156186938285 96.32857142857144
38 0.11408962575452668 96.14285714285714
39 0.12723307364753314 95.97142857142858
40 0.10125945178525789 96.84285714285714
41 0.0944631396659783 97.11428571428571
42 0.11055785822016852 96.2
43 0.0975919679339443 97.02857142857142
44 0.09022706619330816 97.1
45 0.08067774272390775 97.68571428571428
46 0.09605303534439631 96.87142857142858
47 0.08620133544983609 97.31428571428572
48 0.09369402876389878 96.98571428571428
49 0.0809403445571661 97.54285714285714
50 0.07841598907751697 97.58571428571429
51 0.07342481001147202 97.87142857142858
52 0.07165504611496415 97.87142857142858
53 0.08077318269227232 97.42857142857143
54 0.07673298554228884 97.65714285714286
55 0.07807658165693283 97.5
56 0.06944596429488488 97.97142857142858
57 0.06946217622607946 97.97142857142858
58 0.0749636557219284 97.52857142857142
59 0.06764574481972627 98.1
60 0.06920214011999114 97.85714285714285
61 0.06479777587311608 98.05714285714285
62 0.060928260322128024 98.35714285714286
63 0.05950965588646276 98.28571428571429
64 0.06843430512983883 97.7
65 0.05963115375488996 98.32857142857144
66 0.05882984628634794 98.35714285714286
67 0.07134202710751976 97.62857142857143
68 0.051205736664789066 98.64285714285714
69 0.05616518562393529 98.35714285714286
70 0.05150058340015156 98.4857142857143
71 0.06300171664250749 98.0
72 0.07293716983071395 97.87142857142858
73 0.04994046614904489 98.75714285714285
74 0.04904565650171467 98.74285714285715
75 0.05062327463445919 98.65714285714286
76 0.05210957029568297 98.4857142857143
77 0.05263689641973802 98.35714285714286
78 0.053581627511552404 98.4
79 0.05574847265545811 98.18571428571428
80 0.04893693495541811 98.64285714285714
81 0.04836988193648202 98.61428571428571
82 0.056550912944866076 98.21428571428571
83 0.04830292273046715 98.7
84 0.04623117257973978 98.64285714285714
85 0.04537138473242521 98.64285714285714
86 0.09573796174622008 97.68571428571428
87 0.04191447660060865 98.97142857142858
88 0.046332339224006445 98.68571428571428
89 0.04311017898310508 98.87142857142858
90 0.043435692960130314 98.82857142857144
91 0.04639663174748421 98.57142857142858
92 0.04027917148279292 98.92857142857143
93 0.03956389593492661 98.85714285714286
94 0.038973983164344514 98.9
95 0.04193625064300639 98.74285714285715
96 0.03830808319949678 99.0
97 0.037921559810638425 99.02857142857144
98 0.03593365596607327 99.1
99 0.069610271536346 98.05714285714285
100 0.04258032583498529 98.47142857142858
101 0.03845909794659487 98.87142857142858
102 0.03672153762142573 98.95714285714286
103 0.03953314161460315 98.78571428571429
104 0.03411066158275519 99.05714285714285
105 0.03429449828607695 99.07142857142858
106 0.037401825641947134 98.92857142857143
107 0.038616224684353384 98.84285714285714
108 0.03672738566196391 98.85714285714286
109 0.03464093580842018 99.0142857142857
110 0.034190403576940295 98.97142857142858
111 0.03452816491813532 99.05714285714285
112 0.031074912041159614 99.07142857142858
113 0.03318573775302087 99.08571428571429
114 0.03151879548760397 99.02857142857144
115 0.030908319586887955 99.14285714285714
116 0.03433330367053194 98.94285714285715
117 0.03311252709744232 99.12857142857143
118 0.031851986988580654 99.17142857142856
119 0.030121513602456875 99.24285714285715
120 0.03260655633306929 99.17142857142856
121 0.05282340702334685 98.24285714285715
122 0.03360608098363238 99.05714285714285
123 0.030021066577839 99.17142857142856
124 0.049657278860520036 98.62857142857143
125 0.03131935801357031 99.15714285714286
126 0.02924427455291152 99.11428571428571
127 0.028911083577466863 99.07142857142858
128 0.02846717936252909 99.28571428571429
129 0.03470471782077636 99.12857142857143
130 0.02896946246868798 99.21428571428571
131 0.031110558326223066 99.11428571428571
132 0.025505635534812297 99.44285714285715
133 0.02498459611753268 99.37142857142857
134 0.02623835445514747 99.4
135 0.02945128812986825 99.04285714285714
136 0.028045549629522222 99.07142857142858
137 0.023802023314471756 99.34285714285714
138 0.027622346829489938 99.27142857142857
139 0.026065425840871674 99.4
140 0.02587658705056778 99.31428571428572
141 0.02773950598867876 99.22857142857143
142 0.026340531331620048 99.31428571428572
143 0.02612891192547977 99.14285714285714
144 0.027480502825762546 99.17142857142856
145 0.02663898064222719 99.35714285714286
146 0.025180865172296764 99.27142857142857
147 0.02255869376739221 99.5142857142857
148 0.02457415476175291 99.28571428571429
149 0.023448469948821833 99.32857142857144
150 0.024495910493923086 99.34285714285714
151 0.025583838764578103 99.11428571428571
152 0.027500952038514825 99.21428571428571
153 0.02329339639815901 99.3
154 0.02594294209432389 99.28571428571429
155 0.02734146545241986 99.2
156 0.020949190469192608 99.4857142857143
157 0.0209079955371895 99.47142857142856
158 0.02230148298798927 99.34285714285714
159 0.0209712579646813 99.45714285714286
160 0.02424828222553645 99.31428571428572
161 0.023878672512780343 99.32857142857144
162 0.023492420544581755 99.24285714285715
163 0.022798450181393752 99.31428571428572
164 0.08092206598459077 97.67142857142858
165 0.024092718040836708 99.2
166 0.023163753135928087 99.31428571428572
167 0.020620388108571724 99.45714285714286
168 0.01931761429379029 99.4
169 0.02108986124595893 99.44285714285715
170 0.01879626767310713 99.42857142857143
171 0.019644887010300798 99.5142857142857
172 0.02143748131846743 99.35714285714286
173 0.019556015603510397 99.5
174 0.022927877180544395 99.34285714285714
175 0.019801434901143822 99.41428571428571
176 0.018636092992632518 99.52857142857144
177 0.02137432894336858 99.38571428571429
178 0.01804762669572873 99.61428571428571
179 0.018778128120382983 99.5142857142857
180 0.019484919429357563 99.57142857142857
181 0.019436865938561303 99.52857142857144
182 0.01999914614217622 99.4857142857143
183 0.017863879073411228 99.61428571428571
184 0.01914145571312734 99.45714285714286
185 0.02374504867808095 99.25714285714285
186 0.019801101530902088 99.52857142857144
187 0.020117169192859104 99.47142857142856
188 0.017187221188630378 99.64285714285714
189 0.01880756429995277 99.5
190 0.016181499238259026 99.65714285714286
191 0.01988234822638333 99.41428571428571
192 0.018620382502142874 99.52857142857144
193 0.020267173045847034 99.42857142857143
194 0.017391327702041184 99.61428571428571
195 0.017018252298501985 99.57142857142857
196 0.01788115942784186 99.57142857142857
197 0.015765162041809944 99.65714285714286
198 0.018056468662273673 99.55714285714285
199 0.017508110723325185 99.6
