0 1.1072538682392665 66.87142857142857
1 0.7190962323120662 77.81428571428572
2 0.5765192189386913 81.24285714285713
3 0.5598275708300727 82.19999999999999
4 0.5336027645639011 82.14285714285714
5 0.488644748713289 84.15714285714286
6 0.4798359402588436 83.82857142857144
7 0.5273362530129296 83.65714285714286
8 0.5162973706211362 84.47142857142858
9 0.5236965270979064 85.11428571428571
10 0.7608073777386121 81.65714285714286
11 1.8065079246248519 76.72857142857143
12 2.1997878960200716 74.31428571428572
13 1.4105950023446765 78.21428571428571
14 1.1655957324164254 80.47142857142858
15 0.7268781223467418 84.88571428571429
16 0.6430411843316896 83.5
17 0.4765106837664332 86.62857142857143
18 0.44017025870936255 86.8
19 0.40514745648418155 88.65714285714286
20 0.38699505073683604 88.68571428571428
21 0.6637046852282116 85.05714285714285
22 0.5525420384747641 85.58571428571429
23 0.5374412696276393 86.37142857142858
24 0.5273214093276433 87.37142857142857
25 0.554238625722272 85.87142857142858
26 0.40323727769511086 87.9
27 0.40713704281619617 88.7
28 0.344722923210689 89.27142857142857
29 0.2658110844237464 90.7
30 0.23843967669776509 91.78571428571428
31 0.24084268063306807 91.81428571428572
32 0.26156120353511403 91.17142857142856
33 0.2780059892152037 92.02857142857142
34 0.31808447912335397 89.92857142857143
35 0.3156821289232799 90.57142857142857
36 0.3360071218439511 91.67142857142856
37 0.2773140126041004 92.07142857142857
38 0.3312469781509468 91.88571428571429
39 0.4957317407642092 87.7
40 0.9460210084915162 85.71428571428571
41 1.5235764248030526 81.48571428571428
42 1.154974068914141 84.15714285714286
43 1.1432191210133689 84.75714285714285
44 0.8888478091784886 85.65714285714286
45 0.6554651458348547 88.75714285714285
46 0.6348902795995984 86.71428571428571
47 0.6475222090525287 88.8
48 0.646019336794104 89.38571428571429
49 0.5843992990042483 88.17142857142856
50 0.4549767640020166 90.07142857142857
51 0.5085518361202308 87.85714285714286
52 0.2821037641593388 91.14285714285715
53 0.3226903876023633 90.94285714285715
54 0.6841967304902418 90.02857142857142
55 0.506112417685134 90.38571428571429
56 1.744577475956508 83.98571428571428
57 1.3971342076148305 83.75714285714285
58 1.2092707689319337 85.22857142857143
59 1.0362647194947516 85.95714285714286
60 0.6722961440682411 87.58571428571429
61 0.41263604323778835 90.48571428571428
62 1.590230199268886 89.0142857142857
63 1.6734165059668678 85.65714285714286
64 2.806132321911199 82.85714285714286
65 2.7166873046330045 81.44285714285714
66 2.741551897781236 80.84285714285714
67 1.3987829127482005 84.05714285714285
68 1.0168053079928672 87.6
69 1.2214370346495083 85.5142857142857
70 1.1049187509076936 86.77142857142857
71 0.5768500686756202 90.88571428571429
72 0.5257865131965705 90.44285714285715
73 0.4867666769240584 90.11428571428571
74 0.47287508472800255 91.85714285714286
75 1.6802950157384788 89.05714285714285
76 1.332900563308171 86.47142857142858
77 1.038049791753292 87.91428571428571
78 0.9901552078979355 87.71428571428571
79 1.2489295495407922 87.45714285714286
80 1.76196979369436 86.2
81 1.0926631624145167 88.22857142857143
82 0.9353521957993507 87.7
83 0.8773330179708344 88.62857142857142
84 0.43088563425200327 91.31428571428572
85 0.32515427518103807 92.91428571428571
86 0.40256050692072937 92.22857142857143
87 0.3656582587531635 93.35714285714286
88 0.38055992344660416 92.55714285714286
89 0.36196920318262915 93.92857142857143
90 0.2924122055726392 92.15714285714286
91 0.277867013375674 93.42857142857143
92 0.23720996741737638 93.85714285714286
93 0.34760212666754214 93.84285714285714
94 0.2329782534390688 94.67142857142858
95 0.23336964044719935 95.34285714285714
96 0.19258429051509926 95.77142857142857
97 0.25101034574742825 94.15714285714286
98 0.2123992328665086 94.75714285714287
99 0.3055381272520338 95.24285714285713
100 0.40331409083945413 92.14285714285714
101 0.37923702586974417 93.52857142857142
102 0.4255625853581088 92.58571428571429
103 0.8929608866040196 91.27142857142857
104 5.19531407398837 79.9
105 3.244283241885049 81.18571428571428
106 4.116985970096929 83.22857142857143
107 2.8813345266239985 81.95714285714286
108 2.6103869050741197 85.81428571428572
109 5.668059718608856 85.22857142857143
110 8.636187781606402 78.95714285714286
111 7.91315342273031 81.89999999999999
112 5.789088889530727 83.21428571428572
113 2.781645085130419 85.62857142857143
114 1.6350945774997985 87.82857142857144
115 1.0734578639268875 88.44285714285715
116 0.7625605887600354 89.94285714285715
117 0.668411369781409 90.78571428571428
118 0.8162984062518392 88.7
119 0.6774541365781 91.75714285714285
120 0.5485352908926351 92.02857142857142
121 0.475715440085956 92.10000000000001
122 0.39574102397475924 92.84285714285714
123 0.4602356605231762 92.4
124 0.5376200462026256 91.41428571428571
125 0.4478348286024162 91.91428571428571
126 0.5368005639740399 93.34285714285714
127 0.4651147152164153 92.17142857142858
128 0.4842212475038001 92.82857142857142
129 0.7424659065902233 92.78571428571428
130 0.6544838605182511 92.05714285714286
131 0.3262088547327689 93.60000000000001
132 0.34789504813296457 92.91428571428571
133 0.35804346395390374 93.71428571428572
134 0.3774774440697261 91.95714285714286
135 0.2998230378542628 94.1
136 0.5017114232161215 93.25714285714287
137 0.4323161895786013 93.2
138 0.4110191310090678 92.80000000000001
139 0.3229774593242577 93.02857142857142
140 0.4005276186125619 93.87142857142857
141 0.34544471704534124 93.45714285714286
142 0.26604385753827436 94.57142857142857
143 0.43412089460928527 94.32857142857142
144 0.32774588588093007 93.60000000000001
145 0.4088520073997123 93.48571428571428
146 0.7283487405894058 92.31428571428572
147 2.3895036197134427 88.84285714285714
148 8.534434081826891 82.8
149 5.640031809466226 82.3
150 3.492857496866158 86.4857142857143
151 2.711799144638436 87.88571428571429
152 1.5775100563253674 89.5
153 1.4864381996648652 90.42857142857143
154 1.5342950857111386 89.44285714285715
155 0.6401238965136664 93.14285714285714
156 0.5867874027362892 93.28571428571428
157 0.5250034301408699 92.85714285714286
158 0.5958328940772585 94.07142857142857
159 0.49800627630736144 94.1
160 0.40169992042439323 93.72857142857143
161 0.6251643220760993 93.89999999999999
162 0.8990158227405378 92.52857142857142
163 0.4991046522344862 93.44285714285714
164 0.36442282889038324 94.78571428571428
165 0.664442463857787 93.51428571428572
166 0.570457923784852 92.61428571428571
167 0.6872013298528535 92.38571428571429
168 0.82138293646276 90.88571428571429
169 0.7787980939660754 92.21428571428572
170 0.6158190316919769 92.72857142857143
171 0.48717763881598203 94.12857142857143
172 0.3379893673317773 93.87142857142857
173 0.3042574462347797 95.0
174 0.3482950894162059 94.69999999999999
175 0.675218164069312 93.38571428571429
176 0.42925546589706626 94.62857142857143
177 0.313950477540493 95.12857142857143
178 0.5281575755083135 93.02857142857142
179 1.0142038661454404 89.54285714285714
180 0.9332097097166947 90.18571428571428
181 0.7084299103489944 92.37142857142857
182 1.2287906125187873 90.61428571428571
183 0.815643135458231 91.82857142857142
184 1.1030471794307233 90.15714285714286
185 3.019881613978318 88.87142857142857
186 4.056387864053249 87.35714285714286
187 3.1439688120569502 87.6
188 6.396590840816498 85.88571428571429
189 6.290220521177564 83.58571428571429
190 7.274671107530594 85.67142857142858
191 5.521377708869321 86.71428571428571
192 3.032256418466568 88.27142857142857
193 1.8373376803140022 89.71428571428571
194 1.6103550577802317 91.21428571428571
195 1.9439786323479245 91.58571428571427
196 1.3746396902948619 91.92857142857143
197 1.1491699097411974 91.27142857142857
198 0.9081470813070025 91.95714285714286
199 0.8442630806139537 92.78571428571428
