0.3063342571258545
0.30420351028442383
0.29976820945739746
0.3001735210418701
0.29862070083618164
0.29747629165649414
0.29860448837280273
0.30363988876342773
0.29758119583129883
0.2983379364013672
0.29836416244506836
0.29796385765075684
0.3054788112640381
0.2939023971557617
0.2989809513092041
0.298114538192749
0.3060173988342285
0.30194711685180664
0.2967958450317383
0.2981984615325928
0.3355519771575928
0.31330180168151855
0.3017995357513428
0.29769372940063477
0.29905271530151367
0.2997596263885498
0.30954813957214355
0.3032710552215576
0.2989389896392822
0.3005943298339844
0.3020896911621094
0.3084380626678467
0.3029968738555908
0.2993741035461426
0.30024147033691406
0.2990083694458008
0.3011741638183594
0.2995162010192871
0.29732370376586914
0.3341066837310791
0.30470848083496094
0.3027205467224121
0.3122081756591797
0.31406426429748535
0.31395459175109863
0.3091597557067871
0.3081510066986084
0.30816030502319336
0.3083641529083252
0.3025543689727783
0.2992823123931885
0.30287790298461914
0.3000195026397705
0.2989828586578369
0.299912691116333
0.29952502250671387
0.3005800247192383
0.2994251251220703
0.2981421947479248
0.30283594131469727
0.2991487979888916
0.3020164966583252
0.3012511730194092
0.2978513240814209
0.2972698211669922
0.2985985279083252
0.29967689514160156
0.29976439476013184
0.3091919422149658
0.2993149757385254
0.3007240295410156
0.29988837242126465
0.30063962936401367
0.29953861236572266
0.3040587902069092
0.31601524353027344
0.3004486560821533
0.30002641677856445
0.29991579055786133
0.29886484146118164
0.30072879791259766
0.3002030849456787
0.30037498474121094
0.2997410297393799
0.2996249198913574
0.30040431022644043
0.2990415096282959
0.29952526092529297
0.2993292808532715
0.30024147033691406
0.2989327907562256
0.2988853454589844
0.30054211616516113
0.2987673282623291
0.29882192611694336
0.3025174140930176
0.3199272155761719
0.3146336078643799
0.3116261959075928
0.30207157135009766
0.3012213706970215
0.3002662658691406
0.3077397346496582
0.3007633686065674
0.2964470386505127
0.30196070671081543
0.29955005645751953
0.3004019260406494
0.30498194694519043
0.2988855838775635
0.300565242767334
0.3123781681060791
0.2985236644744873
0.29813528060913086
0.30071234703063965
0.3030250072479248
0.29845738410949707
0.3016529083251953
0.29889607429504395
0.3041198253631592
0.29825711250305176
0.2991759777069092
0.29958319664001465
0.3001594543457031
0.30008721351623535
0.29965686798095703
0.29956531524658203
0.2993147373199463
0.2997934818267822
0.2997276782989502
0.301102876663208
0.29842138290405273
0.31227898597717285
0.29559922218322754
0.2988612651824951
0.2991335391998291
0.29885387420654297
0.3290722370147705
0.30465269088745117
0.2999694347381592
0.2943727970123291
0.3104381561279297
0.3110361099243164
0.3112828731536865
0.31750941276550293
0.32052040100097656
0.3186793327331543
0.3196091651916504
0.32045841217041016
0.3190727233886719
0.31675052642822266
0.32079172134399414
0.31914806365966797
0.3173518180847168
0.31366395950317383
0.2896604537963867
0.2896885871887207
0.29367542266845703
0.2894434928894043
0.28917646408081055
0.28983545303344727
0.3107264041900635
0.31316590309143066
0.312089204788208
0.3042290210723877
0.2993597984313965
0.30091333389282227
0.3060569763183594
0.3007352352142334
0.2992520332336426
0.3001682758331299
0.29862189292907715
0.3033151626586914
0.2893636226654053
0.28977179527282715
0.2913367748260498
0.291471004486084
0.29178953170776367
0.30121326446533203
0.28966283798217773
0.28938794136047363
0.2897813320159912
0.28949451446533203
0.28971385955810547
0.2896766662597656
0.28963732719421387
0.2972116470336914
0.29775500297546387
0.29917454719543457
0.3000335693359375
0.29843831062316895
0.2989163398742676
0.3001854419708252
0.2929966449737549
0.2906346321105957
0.28949856758117676
0.28954529762268066
0.28989434242248535
0.2894589900970459
0.2893950939178467
