0 1.6153506321566447 54.55714285714286
1 0.7345470215593065 75.54285714285714
2 0.5511403526578631 80.0
3 0.47073656916618345 82.54285714285714
4 0.39609805600983755 85.6
5 0.35759825919355664 86.9
6 0.33464888355561667 87.58571428571429
7 0.31357199411307063 87.94285714285715
8 0.2873143411108426 89.65714285714286
9 0.24662688778979439 90.9
10 0.27061985731124877 89.60000000000001
11 0.20824951412422316 92.44285714285714
12 0.19454610305173056 92.81428571428572
13 0.19645298889705112 92.77142857142857
14 0.19775036477616856 92.87142857142857
15 0.16592398104923112 94.19999999999999
16 0.15437631617699352 94.14285714285714
17 0.15371056662074156 94.34285714285714
18 0.12969968350870267 95.34285714285714
19 0.1275218333516802 95.31428571428572
20 0.12766394806759698 95.68571428571428
21 0.12275513870907681 95.74285714285715
22 0.12235685895596232 95.81428571428572
23 0.15169595549149173 94.52857142857142
24 0.131191259516137 95.32857142857142
25 0.09852978821311678 96.52857142857142
26 0.0914761781692505 96.8
27 0.09622465398694788 96.37142857142858
28 0.10903276417936597 96.32857142857144
29 0.13270176063690867 95.38571428571429
30 0.09037254282406398 97.04285714285714
31 0.09542158235396658 96.7
32 0.08400289945836578 97.31428571428572
33 0.13496946918645075 96.1
34 0.17314141477857317 94.15714285714286
35 0.0694339640970741 97.72857142857143
36 0.10047967319509812 96.74285714285715
37 0.07638559873614992 97.54285714285714
38 0.06589552560555083 97.8142857142857
39 0.06287772163216557 98.05714285714285
40 0.08338588556008679 96.97142857142858
41 0.06995542901568115 97.72857142857143
42 0.09497692678123712 96.42857142857143
43 0.06158436850777694 98.27142857142857
44 0.06003424283117056 97.98571428571428
45 0.08736394332455737 97.12857142857143
46 0.07819933159542936 97.17142857142858
47 0.14849348432783568 95.22857142857143
48 0.07831074638026102 97.5
49 0.05963105335831642 97.94285714285714
50 0.05200448261041726 98.22857142857143
51 0.06883100090282304 97.72857142857143
52 0.05608967880585364 98.11428571428571
53 0.06633671609950917 97.78571428571429
54 0.056936329403626064 98.0142857142857
55 0.09384051341164325 96.91428571428573
56 0.07545223631896078 97.52857142857142
57 0.05273027241096965 98.17142857142858
58 0.08422314383621726 97.08571428571429
59 0.05828442003444902 98.12857142857143
60 0.08170188975387387 97.35714285714285
61 0.06987526386177965 97.98571428571428
62 0.04439427560594465 98.72857142857143
63 0.07514166003093123 97.34285714285714
64 0.05858837793182049 97.97142857142858
65 0.04458088354606714 98.47142857142858
66 0.10947259021922946 95.84285714285714
67 0.047757910863895504 98.4857142857143
68 0.050083552819809744 98.4
69 0.07449589347067688 97.45714285714286
70 0.03976360352909458 98.74285714285715
71 0.05407981819340161 98.02857142857142
72 0.04339394741691649 98.64285714285714
73 0.05945263120478817 98.12857142857143
74 0.04364461165719798 98.61428571428571
75 0.06062825511076621 98.11428571428571
76 0.04667975723610392 98.5
77 0.04947659677293684 98.68571428571428
78 0.07189297562332025 97.38571428571429
79 0.05564670971195613 98.05714285714285
80 0.037209091056138274 98.6
81 0.03742958434657859 98.61428571428571
82 0.041830269380339555 98.71428571428571
83 0.055093614421119645 97.84285714285714
84 0.04844261757430753 98.4
85 0.06390483621507884 98.1
86 0.055656269791402986 98.14285714285714
87 0.026679445936211518 99.1
88 0.06869386328450804 97.8142857142857
89 0.06067591728642583 97.88571428571429
90 0.09786433265544474 96.95714285714286
91 0.0378282646981201 98.68571428571428
92 0.09830910017979996 96.67142857142858
93 0.03754524802789092 98.68571428571428
94 0.03256591375518058 98.97142857142858
95 0.03174321806623733 98.97142857142858
96 0.034256542340985366 98.77142857142857
97 0.09567176108913762 96.55714285714285
98 0.048837741604074836 98.42857142857143
99 0.042340441181191374 98.74285714285715
100 0.022542790064056004 99.32857142857144
101 0.028125405235082977 99.0142857142857
102 0.0788501906208694 97.45714285714286
103 0.11298929769545793 97.65714285714286
104 0.06019709887249129 97.91428571428571
105 0.047168893167482955 98.35714285714286
106 0.06976759334294391 97.61428571428571
107 0.03297007278805333 99.07142857142858
108 0.05389236412011087 98.58571428571429
109 0.032456101427253865 99.07142857142858
110 0.03949905424378812 98.65714285714286
111 0.02915117736307106 99.1
112 0.05408896944552128 98.24285714285715
113 0.04055294914703284 98.57142857142858
114 0.050310243612953595 98.08571428571429
115 0.03346980277648462 98.8
116 0.027989542657243353 99.11428571428571
117 0.03746077522768506 98.72857142857143
118 0.03401721731892654 98.84285714285714
119 0.02595950090326369 99.2
120 0.02712917805516294 99.1
121 0.08292072643525898 97.24285714285715
122 0.045349011181055436 98.64285714285714
123 0.11222207706222044 96.64285714285714
124 0.044930142975811445 98.75714285714285
125 0.029407890357210167 99.0142857142857
126 0.030664528743363915 99.05714285714285
127 0.08552493510235633 97.18571428571428
128 0.045694077593673554 98.5
129 0.022684314980038575 99.34285714285714
130 0.03841765717204128 98.62857142857143
131 0.03408984222249793 98.9857142857143
132 0.04173213881773076 98.88571428571429
133 0.04872612979130021 98.54285714285714
134 0.040883785752313474 98.68571428571428
135 0.031120236025058798 98.95714285714286
136 0.024889350591027842 99.28571428571429
137 0.02414681879537446 99.35714285714286
138 0.03208500620177282 98.94285714285715
139 0.028225295219038216 99.11428571428571
140 0.029267480706663004 98.9
141 0.03243189726157912 98.8
142 0.035904588966098216 98.77142857142857
143 0.03851649921187865 98.84285714285714
144 0.049884815740266014 98.4857142857143
145 0.0487114431968491 98.5
146 0.05875161835158776 97.77142857142857
147 0.03934708560617375 98.72857142857143
148 0.035692237428988194 98.64285714285714
149 0.051893745745266125 98.9
150 0.07000244221417233 97.68571428571428
151 0.04008403385523707 98.74285714285715
152 0.02439627091766202 99.32857142857144
153 0.04474832964894761 99.14285714285714
154 0.04588600073808006 98.95714285714286
155 0.06119562174592699 98.11428571428571
156 0.026395635980380965 99.12857142857143
157 0.03535935758513265 98.85714285714286
158 0.019367645143730832 99.44285714285715
159 0.03083090258047118 99.08571428571429
160 0.04135963138791599 98.64285714285714
161 0.03834246257652662 98.82857142857144
162 0.030200790583954324 99.25714285714285
163 0.01672195164885904 99.42857142857143
164 0.02109662465352033 99.12857142857143
165 0.07240818712660776 97.65714285714286
166 0.05100823038457228 98.4
167 0.057463018795741456 97.92857142857143
168 0.05696522208995053 98.0
169 0.03481090554102723 98.84285714285714
170 0.026220930864967937 99.12857142857143
171 0.03382457723741287 98.77142857142857
172 0.03381287640492831 98.81428571428572
173 0.02553620775163706 99.05714285714285
174 0.02008251718361862 99.37142857142857
175 0.031018117239831815 98.9
176 0.030681524156326693 98.92857142857143
177 0.058344135087515625 98.81428571428572
178 0.04519229629077017 98.47142857142858
179 0.020897822123619594 99.21428571428571
180 0.0597538052143396 98.24285714285715
181 0.03599591010383197 98.8
182 0.053522145109517236 98.25714285714285
183 0.033556393756797274 98.78571428571429
184 0.025717726116999982 99.18571428571428
185 0.016672051287189658 99.45714285714286
186 0.01327518869407608 99.6
187 0.044419169404344365 98.58571428571429
188 0.0338375784589776 99.14285714285714
189 0.01808042270297717 99.45714285714286
190 0.032554883568082005 98.82857142857144
191 0.1008063467352518 96.31428571428572
192 0.021606665467178182 99.4
193 0.05192478367368624 98.42857142857143
194 0.09096003443534885 97.02857142857142
195 0.028236271818501076 99.2
196 0.018902129450413797 99.41428571428571
197 0.01648047426382878 99.38571428571429
198 0.029014868238508434 99.02857142857144
199 0.02204514986286605 99.27142857142857
