0.2996993064880371
0.2899646759033203
0.2912464141845703
0.29912734031677246
0.29115843772888184
0.29046010971069336
0.29749417304992676
0.29167771339416504
0.2900044918060303
0.29488658905029297
0.307969331741333
0.29407501220703125
0.291949987411499
0.30476808547973633
0.3031189441680908
0.3002951145172119
0.30024099349975586
0.2915644645690918
0.29502105712890625
0.2965202331542969
0.2895023822784424
0.2935504913330078
0.30721378326416016
0.2896716594696045
0.2906641960144043
0.30219388008117676
0.2946608066558838
0.2916688919067383
0.2906770706176758
0.29061245918273926
0.29056358337402344
0.29207301139831543
0.2917172908782959
0.2923471927642822
0.29270219802856445
0.2956860065460205
0.29123640060424805
0.2918431758880615
0.2969815731048584
0.2933502197265625
0.2910645008087158
0.2900278568267822
0.2931833267211914
0.2904849052429199
0.29129552841186523
0.29111242294311523
0.2922379970550537
0.29271745681762695
0.29157352447509766
0.293407678604126
0.29476380348205566
0.2908909320831299
0.29323363304138184
0.30086255073547363
0.28922367095947266
0.28805994987487793
0.2912461757659912
0.29160332679748535
0.28564000129699707
0.28418827056884766
0.2807028293609619
0.28063058853149414
0.28064560890197754
0.2798123359680176
0.2790186405181885
0.27827024459838867
0.2821357250213623
0.28058719635009766
0.280719518661499
0.281177282333374
0.2807939052581787
0.28061747550964355
0.28145742416381836
0.28070688247680664
0.2835395336151123
0.2798647880554199
0.28197765350341797
0.28316497802734375
0.28050827980041504
0.2810537815093994
0.2815372943878174
0.2816028594970703
0.2824721336364746
0.2805793285369873
0.2824819087982178
0.2941160202026367
0.28093886375427246
0.28052330017089844
0.2805516719818115
0.27608180046081543
0.28086256980895996
0.28192687034606934
0.2811763286590576
0.2809183597564697
0.28290843963623047
0.2813224792480469
0.27928662300109863
0.2809407711029053
0.2812347412109375
0.28078174591064453
0.277559757232666
0.281099796295166
0.28102540969848633
0.28108835220336914
0.28098082542419434
0.28107452392578125
0.2828342914581299
0.28322434425354004
0.2829899787902832
0.2829756736755371
0.2805595397949219
0.28319835662841797
0.2702150344848633
0.27007627487182617
0.27725839614868164
0.2815542221069336
0.28253698348999023
0.276409387588501
0.26972031593322754
0.269456148147583
0.27890706062316895
0.28209924697875977
0.28411245346069336
0.2818024158477783
0.2812471389770508
0.2851417064666748
0.28639888763427734
0.2932264804840088
0.2818412780761719
0.28336191177368164
0.2909054756164551
0.2895951271057129
0.29018354415893555
0.2804086208343506
0.27800679206848145
0.282184362411499
0.2823760509490967
0.28400206565856934
0.2848680019378662
0.2893638610839844
0.2964470386505127
0.27625298500061035
0.278850793838501
0.28798437118530273
0.3136250972747803
0.2767951488494873
0.2755393981933594
0.2755544185638428
0.2763502597808838
0.27585482597351074
0.27677178382873535
0.2889058589935303
0.28981494903564453
0.2888627052307129
0.28844714164733887
0.28973889350891113
0.28862738609313965
0.30727529525756836
0.30661487579345703
0.3082900047302246
0.31393003463745117
0.30519604682922363
0.292156457901001
0.2959136962890625
0.3110628128051758
0.3094336986541748
0.2822442054748535
0.2858850955963135
0.3099784851074219
0.3057742118835449
0.30733275413513184
0.2814369201660156
0.2820873260498047
0.28310680389404297
0.2827925682067871
0.2816579341888428
0.28130030632019043
0.2820017337799072
0.28141117095947266
0.2829935550689697
0.28235864639282227
0.28194570541381836
0.28236865997314453
0.3055155277252197
0.30669093132019043
0.2978513240814209
0.2941257953643799
0.2907898426055908
0.29181361198425293
0.29087185859680176
0.29397153854370117
0.2919039726257324
0.29152798652648926
0.29461169242858887
0.29798054695129395
0.2874574661254883
0.2913939952850342
0.2924363613128662
0.2923896312713623
0.29276275634765625
