0 3.932513952255249 1.4142857142857144
1 3.927475929260254 1.9428571428571426
2 3.923304319381714 1.8714285714285714
3 3.9189987182617188 2.2285714285714286
4 3.9138150215148926 2.8142857142857145
5 3.9094536304473877 3.3428571428571425
6 3.9043939113616943 3.7714285714285714
7 3.900277614593506 4.914285714285714
8 3.894904613494873 5.428571428571429
9 3.8909709453582764 6.428571428571428
10 3.885552406311035 7.571428571428572
11 3.8810925483703613 8.971428571428572
12 3.87674617767334 10.657142857142857
13 3.8721423149108887 12.814285714285715
14 3.8669676780700684 16.7
15 3.8620963096618652 20.685714285714283
16 3.8570055961608887 25.242857142857144
17 3.8525917530059814 29.442857142857143
18 3.8476040363311768 32.27142857142857
19 3.8435027599334717 33.75714285714286
20 3.837894916534424 35.48571428571429
21 3.8330767154693604 35.18571428571428
22 3.8282079696655273 35.31428571428572
23 3.8238141536712646 35.5
24 3.8183481693267822 35.35714285714286
25 3.813384771347046 35.02857142857143
26 3.808772563934326 35.25714285714286
27 3.803192138671875 35.214285714285715
28 3.7981574535369873 35.385714285714286
29 3.7933943271636963 35.32857142857143
30 3.7882349491119385 35.714285714285715
31 3.7826764583587646 35.95714285714286
32 3.777348756790161 36.0
33 3.772207260131836 36.25714285714285
34 3.7668306827545166 36.18571428571429
35 3.761763334274292 36.3
36 3.756107807159424 36.32857142857143
37 3.7504098415374756 36.27142857142857
38 3.74483323097229 36.3
39 3.7388744354248047 36.3
40 3.733942985534668 36.285714285714285
41 3.727682113647461 36.285714285714285
42 3.7216684818267822 36.285714285714285
43 3.715827465057373 36.285714285714285
44 3.7098162174224854 36.285714285714285
45 3.703184127807617 36.285714285714285
46 3.6972475051879883 36.285714285714285
47 3.6909632682800293 36.285714285714285
48 3.6849517822265625 36.285714285714285
49 3.6785295009613037 36.285714285714285
50 3.6717700958251953 36.285714285714285
51 3.6657965183258057 36.285714285714285
52 3.6589155197143555 36.285714285714285
53 3.651585340499878 36.285714285714285
54 3.6451683044433594 36.285714285714285
55 3.6380062103271484 36.285714285714285
56 3.6313180923461914 36.285714285714285
57 3.6241729259490967 36.285714285714285
58 3.6157805919647217 36.285714285714285
59 3.6087262630462646 36.285714285714285
60 3.600667715072632 36.285714285714285
61 3.593132972717285 36.285714285714285
62 3.58510160446167 36.285714285714285
63 3.5772876739501953 36.285714285714285
64 3.5695369243621826 36.285714285714285
65 3.5604779720306396 36.285714285714285
66 3.552067279815674 36.285714285714285
67 3.543383836746216 36.285714285714285
68 3.534446954727173 36.285714285714285
69 3.525639057159424 36.285714285714285
70 3.5162734985351562 36.285714285714285
71 3.507573366165161 36.285714285714285
72 3.497464895248413 36.285714285714285
73 3.4875845909118652 36.285714285714285
74 3.4779584407806396 36.285714285714285
75 3.467372417449951 36.285714285714285
76 3.4568276405334473 36.285714285714285
77 3.4471850395202637 36.285714285714285
78 3.436138868331909 36.285714285714285
79 3.4244961738586426 36.285714285714285
80 3.413696765899658 36.285714285714285
81 3.4016616344451904 36.285714285714285
82 3.390702247619629 36.285714285714285
83 3.3778579235076904 36.285714285714285
84 3.3664498329162598 36.285714285714285
85 3.3531978130340576 36.285714285714285
86 3.340942621231079 36.285714285714285
87 3.327223539352417 36.285714285714285
88 3.31316876411438 36.285714285714285
89 3.3000924587249756 36.285714285714285
90 3.2859690189361572 36.285714285714285
91 3.2715203762054443 36.285714285714285
92 3.2561323642730713 36.285714285714285
93 3.2422173023223877 36.285714285714285
94 3.2273976802825928 36.285714285714285
95 3.2088451385498047 36.285714285714285
96 3.1948368549346924 36.285714285714285
97 3.1801793575286865 36.285714285714285
98 3.1630513668060303 36.285714285714285
99 3.1459498405456543 36.285714285714285
100 3.1287617683410645 36.285714285714285
101 3.111694812774658 36.285714285714285
102 3.092266798019409 36.285714285714285
103 3.073977470397949 36.285714285714285
104 3.056885004043579 36.285714285714285
105 3.0384836196899414 36.285714285714285
106 3.0192787647247314 36.285714285714285
107 2.9995055198669434 36.285714285714285
108 2.9806876182556152 36.285714285714285
109 2.9619364738464355 36.285714285714285
110 2.9417288303375244 36.285714285714285
111 2.923823118209839 36.285714285714285
112 2.9036059379577637 36.285714285714285
113 2.8858819007873535 36.285714285714285
114 2.8643672466278076 36.285714285714285
115 2.8467583656311035 36.285714285714285
116 2.826434373855591 36.285714285714285
117 2.8089654445648193 36.285714285714285
118 2.789053201675415 36.285714285714285
119 2.7713840007781982 36.285714285714285
120 2.754537343978882 36.285714285714285
121 2.7391254901885986 36.285714285714285
122 2.719674825668335 36.285714285714285
123 2.7016587257385254 36.285714285714285
124 2.6880764961242676 36.285714285714285
125 2.6732101440429688 36.285714285714285
126 2.6564223766326904 36.285714285714285
127 2.6414194107055664 36.285714285714285
128 2.625870704650879 36.285714285714285
129 2.616420030593872 36.285714285714285
130 2.5996646881103516 36.285714285714285
131 2.5871613025665283 36.285714285714285
132 2.575321674346924 36.285714285714285
133 2.5660617351531982 36.285714285714285
134 2.5546727180480957 36.285714285714285
135 2.54335355758667 36.285714285714285
136 2.5345990657806396 36.285714285714285
137 2.5224835872650146 36.285714285714285
138 2.513108015060425 36.285714285714285
139 2.5030739307403564 36.285714285714285
140 2.494950532913208 36.285714285714285
141 2.486825942993164 36.285714285714285
142 2.47599458694458 36.285714285714285
143 2.4703710079193115 36.285714285714285
144 2.460547685623169 36.285714285714285
145 2.4526798725128174 36.285714285714285
146 2.4450016021728516 36.285714285714285
147 2.440403938293457 36.285714285714285
148 2.4314675331115723 36.285714285714285
149 2.424872875213623 36.285714285714285
150 2.416696310043335 36.285714285714285
151 2.409083366394043 36.285714285714285
152 2.4023866653442383 36.285714285714285
153 2.395596742630005 36.285714285714285
154 2.387669324874878 36.285714285714285
155 2.3818836212158203 36.285714285714285
156 2.376232862472534 36.285714285714285
157 2.3687992095947266 36.285714285714285
158 2.3630564212799072 36.285714285714285
159 2.355781316757202 36.285714285714285
160 2.3481171131134033 36.285714285714285
161 2.340580463409424 36.285714285714285
162 2.3361477851867676 36.285714285714285
163 2.328310012817383 36.285714285714285
164 2.3213753700256348 36.285714285714285
165 2.3173937797546387 36.285714285714285
166 2.3086397647857666 36.285714285714285
167 2.302496910095215 36.285714285714285
168 2.2942445278167725 36.285714285714285
169 2.288696050643921 36.285714285714285
170 2.284935474395752 36.285714285714285
171 2.2763075828552246 36.285714285714285
172 2.270895004272461 36.285714285714285
173 2.2655844688415527 36.285714285714285
174 2.259432315826416 36.285714285714285
175 2.251955270767212 36.285714285714285
176 2.247032403945923 36.285714285714285
177 2.2399115562438965 36.285714285714285
178 2.231844425201416 36.285714285714285
179 2.224125623703003 36.285714285714285
180 2.219048023223877 36.285714285714285
181 2.2109036445617676 36.285714285714285
182 2.205003261566162 36.285714285714285
183 2.198957681655884 36.285714285714285
184 2.190418004989624 36.285714285714285
185 2.185990571975708 36.285714285714285
186 2.179570198059082 36.285714285714285
187 2.1716718673706055 36.285714285714285
188 2.165661096572876 36.285714285714285
189 2.1602301597595215 36.285714285714285
190 2.152482748031616 36.285714285714285
191 2.1481428146362305 36.285714285714285
192 2.139953374862671 36.285714285714285
193 2.1342201232910156 36.285714285714285
194 2.1281330585479736 36.285714285714285
195 2.121826648712158 36.285714285714285
196 2.114323139190674 36.285714285714285
197 2.1068665981292725 36.285714285714285
198 2.1015868186950684 36.285714285714285
199 2.0940232276916504 36.285714285714285
