0.08921408653259277
0.07802677154541016
0.12137293815612793
0.07687592506408691
0.07685184478759766
0.09763479232788086
0.07714080810546875
0.07675004005432129
0.07619214057922363
0.09539484977722168
0.07666778564453125
0.08075356483459473
0.09331226348876953
0.07685136795043945
0.07559347152709961
0.07623553276062012
0.09620213508605957
0.07698416709899902
0.07643747329711914
0.07610583305358887
0.09128069877624512
0.07580327987670898
0.07630658149719238
0.09686136245727539
0.07549476623535156
0.0805971622467041
0.07473611831665039
0.09586262702941895
0.07649064064025879
0.07586503028869629
0.09284257888793945
0.07776951789855957
0.07648301124572754
0.0761115550994873
0.09563088417053223
0.076080322265625
0.0760345458984375
0.07621026039123535
0.09449052810668945
0.07992815971374512
0.07615947723388672
0.09691643714904785
0.07721638679504395
0.07637500762939453
0.0758812427520752
0.09451770782470703
0.07622003555297852
0.07516837120056152
0.09093022346496582
0.07801556587219238
0.07628607749938965
0.07618379592895508
0.09939193725585938
0.07659006118774414
0.07662415504455566
0.09358763694763184
0.0779428482055664
0.0785524845123291
0.07607221603393555
0.0963740348815918
0.0766594409942627
0.07604146003723145
0.07585263252258301
0.09418559074401855
0.08036518096923828
0.07597661018371582
0.09749197959899902
0.07690095901489258
0.07583880424499512
0.07762908935546875
0.10044240951538086
0.08140850067138672
0.08128190040588379
0.09832048416137695
0.0824129581451416
0.08066534996032715
0.08441638946533203
0.10299277305603027
0.08121347427368164
0.08040904998779297
0.08027124404907227
0.09885835647583008
0.07939767837524414
0.07639026641845703
0.09697246551513672
0.07698655128479004
0.0758371353149414
0.07603240013122559
0.10305523872375488
0.08142948150634766
0.0807952880859375
0.09842276573181152
0.0823979377746582
0.08099651336669922
0.08070802688598633
0.09923315048217773
0.08075785636901855
0.08029007911682129
0.08070778846740723
0.09774136543273926
0.08106875419616699
0.08046770095825195
0.10687971115112305
0.08127546310424805
0.08089423179626465
0.08090901374816895
0.10037755966186523
0.08190774917602539
0.08112287521362305
0.09825897216796875
0.08265566825866699
0.08074617385864258
0.08047342300415039
0.10100889205932617
0.0795292854309082
0.08629965782165527
0.08076262474060059
0.10003352165222168
0.08111834526062012
0.0764322280883789
0.09903860092163086
0.08173823356628418
0.0806574821472168
0.07854032516479492
0.09503960609436035
0.07660603523254395
0.07616591453552246
0.09224247932434082
0.07755875587463379
0.081207275390625
0.07467174530029297
0.09245872497558594
0.07712650299072266
0.07623505592346191
0.0757443904876709
0.0939781665802002
0.07622718811035156
0.07610154151916504
0.09666252136230469
0.0769033432006836
0.07581686973571777
0.07643961906433105
0.09457015991210938
0.07917594909667969
0.07581639289855957
0.09371471405029297
0.07745933532714844
0.07643914222717285
0.07620477676391602
0.0957341194152832
0.07651615142822266
0.07609152793884277
0.07619166374206543
0.09379029273986816
0.07661128044128418
0.07623147964477539
0.09655594825744629
0.07677602767944336
0.07607293128967285
0.07607340812683105
0.09437394142150879
0.07645606994628906
0.07604002952575684
0.0920255184173584
0.07728958129882812
0.07655549049377441
0.07608532905578613
0.0954897403717041
0.07652807235717773
0.0762937068939209
0.07648181915283203
0.09459757804870605
0.07549881935119629
0.07653617858886719
0.09670495986938477
0.07670378684997559
0.07603263854980469
0.07606029510498047
0.09360098838806152
0.0752570629119873
0.07444024085998535
0.09717822074890137
0.07756233215332031
0.07607746124267578
0.07557225227355957
0.0952460765838623
0.07622933387756348
0.07597827911376953
0.09272241592407227
0.07815122604370117
0.0762186050415039
0.07598447799682617
0.09292101860046387
0.07618355751037598
0.07496452331542969
0.0760498046875
0.0943765640258789
0.07586383819580078
0.07621335983276367
0.09726071357727051
