0 1.0464183995979173 69.47142857142858
1 0.554721869954041 82.14
2 0.4589140645733901 85.71571428571428
3 0.35481762070740974 88.79571428571428
4 0.3015210736649377 90.09285714285714
5 0.26235660061240196 91.39285714285714
6 0.2335747164753931 92.33285714285714
7 0.21920938992606742 92.97857142857143
8 0.2070987373643688 93.17285714285714
9 0.18613436677626202 93.83571428571429
10 0.17021230973037227 94.45714285714286
11 0.16488239583958472 94.47285714285715
12 0.15418943738298757 94.88428571428571
13 0.1488627365604043 95.08714285714287
14 0.14428333785917077 95.1842857142857
15 0.13509461294859648 95.43
16 0.1422237344911056 95.23142857142857
17 0.12484364290588669 95.65714285714286
18 0.12932003585754762 95.67
19 0.11961027249959963 95.88285714285715
20 0.11664041194532598 96.10428571428571
21 0.11638523133471608 96.01857142857143
22 0.1096385213506541 96.22
23 0.10405207115491585 96.44142857142856
24 0.10035430460636105 96.59142857142857
25 0.10201742979963975 96.59571428571428
26 0.10563432754549597 96.58571428571429
27 0.10340791414092694 96.4842857142857
28 0.09627936128659972 96.74285714285715
29 0.09884846464996891 96.61714285714285
30 0.08734983674649681 96.97428571428571
31 0.08633247141194131 97.07571428571428
32 0.09159741395951382 96.88428571428571
33 0.07951235675452543 97.35428571428571
34 0.08801779163336115 97.01857142857143
35 0.08470406723474817 97.10428571428571
36 0.08477359141090086 97.10428571428571
37 0.07538605749474041 97.42285714285714
38 0.07997561864887497 97.37571428571428
39 0.07353856832454247 97.50714285714285
40 0.07633304156961718 97.39857142857143
41 0.06846440073169235 97.70285714285714
42 0.07150314980186522 97.56428571428572
43 0.07941931637735772 97.32857142857144
44 0.07132296119750078 97.57714285714286
45 0.07445193059077221 97.48
46 0.0684607968066952 97.69571428571429
47 0.07137631074957816 97.56714285714285
48 0.06655938242429069 97.72714285714285
49 0.06483806963145201 97.73714285714286
50 0.06942164129777147 97.65
51 0.06780295899603515 97.69857142857143
52 0.0634910815681464 97.88
53 0.05883262137716104 98.00999999999999
54 0.06078392936216135 97.97142857142858
55 0.0663409660976114 97.77428571428571
56 0.06132339984644204 97.83428571428571
57 0.06822568375417697 97.67
58 0.058083046373379014 98.01142857142857
59 0.062314514775228286 97.99714285714286
60 0.05479120987201375 98.14857142857143
61 0.05665712066294093 98.00285714285715
62 0.0578239592211321 98.08714285714287
63 0.05513044261373579 98.16714285714285
64 0.05631346640642732 98.05142857142857
65 0.05325809208676219 98.19714285714286
66 0.050755588111101785 98.24857142857142
67 0.06472879051230848 97.80285714285715
68 0.050134900116827336 98.29714285714286
69 0.053354765644762665 98.18142857142857
70 0.05558112400450877 98.14571428571428
71 0.06705143071977156 98.03285714285714
72 0.06061743749904313 97.98857142857142
73 0.048066281513310966 98.37857142857143
74 0.05142551737671186 98.25857142857143
75 0.05085299520121355 98.31571428571428
76 0.05314359367558999 98.18857142857142
77 0.048067913062072226 98.35857142857142
78 0.047754881629786854 98.32142857142857
79 0.04404988565781553 98.37285714285714
80 0.05085276161420292 98.23714285714286
81 0.044653174717178834 98.42857142857143
82 0.0484154840879741 98.32142857142857
83 0.04886994749307633 98.34428571428572
84 0.043686506764164995 98.46571428571428
85 0.04262787938866365 98.50999999999999
86 0.04230924460853982 98.50857142857143
87 0.04100609562592581 98.58571428571429
88 0.04155389063559207 98.56428571428572
89 0.045701049521698484 98.44714285714285
90 0.044023540163928246 98.48
91 0.04037137312249148 98.60142857142857
92 0.04053193294293513 98.65714285714286
93 0.04923909610702789 98.31714285714285
94 0.04163356582334797 98.50285714285715
95 0.04067492286009448 98.5657142857143
96 0.04123233246018312 98.57142857142858
97 0.04683610846704271 98.39285714285714
98 0.04173496452742256 98.55571428571429
99 0.04220154897817078 98.64
100 0.03538790820935641 98.75142857142856
101 0.041115983554960364 98.58571428571429
102 0.03405405221057923 98.83142857142857
103 0.03828217555619111 98.65
104 0.04136811811410423 98.57571428571428
105 0.043109389887457446 98.56142857142856
106 0.035032189093929314 98.75285714285714
107 0.03547533306908528 98.74857142857142
108 0.03687266942728976 98.69142857142857
109 0.03612456988526641 98.73142857142857
110 0.03954277659766376 98.67285714285714
111 0.03880853102708767 98.65857142857143
112 0.035072524229596766 98.77857142857142
113 0.03309537072973658 98.85857142857142
114 0.03655936536512205 98.67571428571429
115 0.031014810240844133 98.94285714285715
116 0.039105809002815344 98.71
117 0.03308425188862852 98.8757142857143
118 0.03347162136442161 98.82
119 0.03951022316743287 98.66428571428571
120 0.035185310523707554 98.78571428571429
121 0.030699255241613304 98.96142857142857
122 0.03297300636988699 98.87428571428572
123 0.03253015018982946 98.90142857142857
124 0.034297708425271724 98.82571428571428
125 0.03566785480386378 98.71714285714286
126 0.03224452099870957 98.88857142857142
127 0.033219359421013256 98.86571428571429
128 0.032117019254780776 98.91571428571429
129 0.028748259260693364 99.05142857142857
130 0.03898847916254973 98.70285714285714
131 0.03240883986116387 98.89571428571429
132 0.02988724200553926 98.93285714285715
133 0.039391492117096534 98.66857142857143
134 0.033394013439454806 98.84428571428572
135 0.03129038717980231 98.9242857142857
136 0.031010622944034238 98.96142857142857
137 0.029985888442440357 98.94428571428571
138 0.0291018274797742 98.99142857142857
139 0.028203141466531502 99.00857142857143
140 0.02825306170919378 99.02285714285715
141 0.03150402256537096 98.92
142 0.024918460331142082 99.13
143 0.03113365750369017 98.94714285714285
144 0.03254093240896639 98.83285714285715
145 0.026559872646674712 99.03
146 0.035231839374256585 98.69
147 0.029428595491585188 99.03
148 0.0551926204620187 98.64428571428572
149 0.05610993243903587 98.42142857142858
150 0.04396763948865035 98.80142857142857
151 0.037939461723934594 98.69714285714286
152 0.030517587815827158 98.93571428571428
153 0.0327727752039209 98.87428571428572
154 0.031206051389038165 99.02142857142857
155 0.030776829667946523 98.94428571428571
156 0.030484129659515538 98.96857142857142
157 0.026518166000314522 99.0657142857143
158 0.026984354424909856 99.04714285714286
159 0.027461620428865508 99.02857142857144
160 0.03369065870705526 98.87857142857143
161 0.02357318549741259 99.18142857142857
162 0.029509923389788518 98.99142857142857
163 0.03435783240316336 98.79142857142857
164 0.02338883241392718 99.18714285714286
165 0.03927570701626661 98.77285714285713
166 0.03344137490610592 98.79142857142857
167 0.023543078564398457 99.17142857142856
168 0.02385155435408316 99.14857142857143
169 0.027960603326376128 99.02571428571429
170 0.029763377914620963 98.99
171 0.028066789064157223 98.99857142857142
172 0.026930296464623617 99.03571428571428
173 0.027289730768783816 99.07285714285715
174 0.024193455331863203 99.18285714285715
175 0.027941801530500274 99.02142857142857
176 0.028345589786269037 98.97571428571429
177 0.0248646165669613 99.13
178 0.022905674077212876 99.20857142857142
179 0.023609704756402478 99.20857142857142
180 0.02226996466600602 99.21428571428571
181 0.026662211243071526 99.06285714285714
182 0.02496234708291013 99.14
183 0.0244902381990687 99.16285714285713
184 0.02252442779624419 99.20428571428572
185 0.021819266162638087 99.20571428571428
186 0.020396934667286197 99.33571428571429
187 0.020459000757941145 99.28428571428572
188 0.02225834512374214 99.26
189 0.026238742677274527 99.13142857142857
190 0.024282468166243885 99.16
191 0.022020402757958177 99.22
192 0.02128569355026619 99.26285714285714
193 0.02297526787683767 99.18714285714286
194 0.023112399258742308 99.20285714285714
195 0.025030504913260563 99.10571428571428
196 0.02285930506452652 99.23142857142857
197 0.02332662627695494 99.17142857142856
198 0.02476561700347312 99.12714285714286
199 0.02054644634232058 99.32285714285715
