2.919010877609253
2.940302848815918
2.9311654567718506
2.944032907485962
2.930570125579834
2.9177682399749756
2.9145376682281494
2.9144599437713623
2.907349109649658
2.8990259170532227
2.925626039505005
2.904569149017334
2.9066455364227295
2.9143848419189453
2.9840502738952637
2.9223451614379883
2.8682427406311035
2.785423755645752
2.7951087951660156
2.832350015640259
2.7918429374694824
2.782870054244995
2.792280912399292
2.802941083908081
2.829744338989258
2.778923273086548
2.792119264602661
2.786733865737915
2.7904863357543945
2.8098490238189697
2.9327497482299805
3.162853717803955
2.9495105743408203
2.908412456512451
2.8425838947296143
2.7453911304473877
2.7366232872009277
2.7407119274139404
2.734240770339966
2.7431862354278564
2.7772490978240967
2.774432897567749
2.784557580947876
2.7767958641052246
2.778867483139038
2.8904707431793213
2.4450089931488037
2.315467596054077
2.328580617904663
2.8922433853149414
2.446662425994873
2.9310014247894287
2.399705410003662
2.454256534576416
2.809854745864868
2.7934911251068115
2.7614338397979736
2.8016653060913086
2.748035192489624
2.7277371883392334
2.736940860748291
2.796260118484497
2.7782440185546875
2.881253957748413
2.4172427654266357
2.8936452865600586
2.8456709384918213
2.9701523780822754
2.8456602096557617
2.792726516723633
2.774411916732788
2.265479564666748
2.2562100887298584
2.2504587173461914
2.270226240158081
2.2545223236083984
2.2517943382263184
2.5383524894714355
2.7932870388031006
2.8163602352142334
2.8022680282592773
2.803314685821533
2.5812299251556396
2.233297348022461
2.2400405406951904
2.2404770851135254
2.236503839492798
2.2471981048583984
2.2403297424316406
2.2486467361450195
2.2512800693511963
2.3847174644470215
2.67600679397583
2.773409366607666
2.8072896003723145
2.7758171558380127
2.7845187187194824
2.775219678878784
2.783710241317749
2.7814087867736816
2.780468702316284
2.830185651779175
2.818629503250122
2.786515235900879
2.7770919799804688
2.7804195880889893
2.772552251815796
2.776491403579712
2.771834135055542
2.779510736465454
2.7680087089538574
2.77242112159729
2.781479835510254
2.776817798614502
2.764233112335205
2.77311372756958
2.7655773162841797
2.7575902938842773
2.768127918243408
2.7756576538085938
2.776365041732788
2.7701680660247803
2.7767326831817627
2.7770535945892334
2.7720303535461426
2.7678933143615723
2.7740414142608643
2.772432327270508
2.7773549556732178
2.770382881164551
2.772536277770996
2.774057149887085
2.771141529083252
2.774766206741333
2.787569046020508
2.7768452167510986
2.7811033725738525
2.775210380554199
2.763972282409668
2.7661471366882324
2.7672297954559326
2.7816522121429443
2.783580780029297
2.7751810550689697
2.772390842437744
2.7631783485412598
2.828476905822754
2.7759530544281006
2.772480010986328
2.7708990573883057
2.769235134124756
2.7693090438842773
2.773230791091919
2.772709369659424
2.768237829208374
2.774512767791748
2.7685136795043945
2.790653705596924
2.791574001312256
2.801387071609497
2.7646212577819824
2.7667129039764404
2.7855072021484375
2.767731189727783
2.7679901123046875
2.769554853439331
2.774512529373169
2.7686586380004883
2.7759485244750977
2.79170823097229
2.7697579860687256
2.775360107421875
2.7707462310791016
2.7703890800476074
2.7745015621185303
2.7706546783447266
2.770320415496826
2.786121368408203
2.7768492698669434
2.772926092147827
2.802006721496582
2.7929799556732178
2.7905335426330566
2.7713463306427
2.77588152885437
2.910551071166992
2.7723846435546875
2.781634569168091
2.770297050476074
2.792011260986328
2.8003692626953125
2.814779758453369
2.864532232284546
2.7518692016601562
2.7648022174835205
2.76076602935791
2.919646978378296
2.7244038581848145
2.6932578086853027
2.764735698699951
