3.1707401275634766
3.1677160263061523
3.197570562362671
3.1629273891448975
3.144798994064331
3.1545023918151855
3.143507480621338
3.145101308822632
3.1540684700012207
3.141019582748413
3.1836812496185303
3.0654029846191406
3.107919692993164
3.0734102725982666
3.066075325012207
3.1187744140625
3.139369010925293
3.0537073612213135
3.1054584980010986
3.1761929988861084
3.1486129760742188
3.067209482192993
3.0614428520202637
3.1601133346557617
3.1380443572998047
3.1447017192840576
3.0385210514068604
3.115798234939575
3.034987688064575
3.117070436477661
3.071683168411255
3.1201207637786865
3.142876386642456
3.062119722366333
3.086683511734009
3.148866891860962
3.1931047439575195
3.1229429244995117
2.994131088256836
3.11045503616333
2.9812912940979004
3.128549337387085
3.1441657543182373
3.1223411560058594
2.9786572456359863
3.1180853843688965
3.0638668537139893
3.126127004623413
3.071859121322632
3.115213394165039
2.998844623565674
2.9618308544158936
3.0289604663848877
3.024890899658203
3.06945538520813
3.029100179672241
3.0334994792938232
3.0291428565979004
3.0243308544158936
3.0226736068725586
3.033754587173462
3.048351287841797
3.022613286972046
3.04282546043396
3.0400962829589844
3.0213756561279297
3.0290162563323975
3.0237250328063965
3.0243709087371826
3.0208323001861572
3.0348894596099854
3.028872489929199
3.0418078899383545
3.025716543197632
3.0238513946533203
3.021728038787842
3.0379531383514404
3.0280399322509766
3.026146173477173
3.0241804122924805
3.026393175125122
3.0219616889953613
3.0231332778930664
3.024521589279175
3.019963026046753
3.0219476222991943
3.0233166217803955
3.0213255882263184
3.02793550491333
3.0257294178009033
3.025228977203369
3.0323753356933594
3.0221071243286133
3.0221240520477295
3.025106191635132
3.0255279541015625
3.0318706035614014
3.023797035217285
3.045149326324463
3.034862995147705
3.1159160137176514
3.031599283218384
3.059361457824707
3.0305562019348145
3.0296847820281982
3.0727529525756836
3.047473907470703
3.076526165008545
3.035944700241089
3.0411598682403564
3.0319929122924805
3.031069278717041
3.0371530055999756
3.0300214290618896
3.031224250793457
3.033813953399658
3.044464588165283
3.0639965534210205
3.051870346069336
3.0385076999664307
3.0287668704986572
3.10817289352417
3.0709660053253174
3.118257999420166
3.1928844451904297
3.0370900630950928
3.0367565155029297
3.0302748680114746
3.0282280445098877
3.0410068035125732
3.079525947570801
3.022024393081665
3.017731189727783
3.039348840713501
3.0874903202056885
3.043738842010498
3.073211669921875
2.982184648513794
2.980926513671875
2.9976553916931152
3.027165651321411
3.026076555252075
3.0777230262756348
3.033720016479492
3.035728693008423
3.0236904621124268
3.044684886932373
2.975397825241089
2.9811925888061523
3.020216464996338
3.025559663772583
3.024097442626953
3.027207374572754
3.02872371673584
3.0454163551330566
3.0274882316589355
3.037868022918701
2.920823335647583
2.8753905296325684
2.9774343967437744
3.020310163497925
3.0190863609313965
3.0197253227233887
3.0545809268951416
2.968057632446289
3.022789716720581
3.0133094787597656
3.034353017807007
3.0249204635620117
3.0208687782287598
3.0232272148132324
3.019228935241699
3.024263381958008
3.0190048217773438
2.961749792098999
3.0306904315948486
3.1280288696289062
3.0534846782684326
3.0393428802490234
3.08349347114563
3.029613494873047
3.0818934440612793
3.1362533569335938
3.0708582401275635
3.028984308242798
3.0707225799560547
3.0840907096862793
2.9762961864471436
3.0048840045928955
3.144861936569214
3.026021957397461
3.0258705615997314
3.031416654586792
3.0243659019470215
3.104191303253174
3.0663440227508545
3.0559470653533936
3.0290844440460205
3.0253183841705322
3.0359675884246826
