0 0.6788842682966164 78.74142857142857
1 0.31491308866866996 89.38000000000001
2 0.24116084474538055 91.89142857142856
3 0.21458569897072655 92.93857142857142
4 0.17419976732560566 94.11857142857143
5 0.17319921777184522 94.21142857142857
6 0.14948375007137657 95.14714285714285
7 0.13816677331658347 95.32428571428572
8 0.13637530740616577 95.3742857142857
9 0.13649165460307683 95.49285714285715
10 0.12613073673365371 95.92428571428572
11 0.12072765601266708 96.12285714285714
12 0.11225388380964951 96.20285714285714
13 0.11430019508515085 96.18857142857142
14 0.10795084129619811 96.35000000000001
15 0.11308497782929668 96.27428571428571
16 0.10336766873353294 96.55714285714285
17 0.10211532547271678 96.58428571428571
18 0.09883383852961872 96.74000000000001
19 0.09486362564776625 96.89714285714285
20 0.09585616254646863 96.76428571428572
21 0.09347428919082242 96.87714285714286
22 0.09363266479357013 96.99285714285715
23 0.09263747633235263 96.91
24 0.13682994361301618 96.87571428571428
25 0.08584645234979689 97.20714285714286
26 0.0843497611708673 97.07142857142857
27 0.08311043215050762 97.21857142857144
28 0.07422238228110863 97.56285714285714
29 0.08007025240122208 97.36285714285714
30 0.07489172171668283 97.48285714285714
31 0.07792211088817566 97.40714285714286
32 0.08889986670043852 97.13000000000001
33 0.08736378419678659 97.40857142857143
34 0.09678996484261006 97.36142857142858
35 0.07910304454155266 97.49428571428571
36 0.07152115084995915 97.61142857142858
37 0.07428839850239456 97.67285714285714
38 0.07899472367617169 97.41
39 0.06969449654687196 97.79285714285714
40 0.06878787835128605 97.82142857142857
41 0.0693918654688501 97.66
42 0.07515155591636098 97.66571428571429
43 0.07076937412211139 97.83
44 0.06487496517897982 97.83428571428571
45 0.07320383367494547 97.71142857142857
46 0.06408959329294572 97.98857142857142
47 0.07303774854135034 97.75714285714285
48 0.07661330653587356 97.94571428571427
49 0.08056304314173758 97.6557142857143
50 0.06229145835087235 97.99571428571429
51 0.05537527272012085 98.16
52 0.07869777564358499 97.83142857142857
53 0.06527159291236395 98.12142857142857
54 0.06585526473587379 97.92142857142856
55 0.06184615892873678 98.00571428571429
56 0.0547567374510358 98.19428571428571
57 0.053826688638655466 98.14857142857143
58 0.056919417166749815 98.16714285714285
59 0.05926641241780349 98.13428571428572
60 0.05458514996671251 98.16
61 0.06928449941133814 97.94571428571427
62 0.05465361962710241 98.25857142857143
63 0.07596970468019468 98.06142857142856
64 0.05586395606481736 98.37285714285714
65 0.05219376705187772 98.27
66 0.04878952702623792 98.35142857142857
67 0.05788323572986493 98.17285714285714
68 0.06777331326880293 98.06857142857143
69 0.06754050788502874 98.16428571428571
70 0.06224224091540756 98.27714285714285
71 0.06891312919157956 98.11714285714285
72 0.05172305560454593 98.35000000000001
73 0.04829310539743996 98.49285714285713
74 0.05070626420384672 98.41571428571429
75 0.05508621757633851 98.17571428571429
76 0.05052275454841687 98.38285714285713
77 0.049268042192561555 98.44571428571427
78 0.05250364014130485 98.40285714285714
79 0.04973940886473949 98.36285714285714
80 0.06271518089642215 98.15714285714286
81 0.05050188503826835 98.41428571428571
82 0.052679869320875566 98.41285714285715
83 0.05114360632208575 98.53714285714285
84 0.05779527342620505 98.33857142857143
85 0.06950102868589705 98.36285714285714
86 0.04430474381918819 98.55857142857143
87 0.043797919806758207 98.63285714285715
88 0.05071370352525264 98.36285714285714
89 0.05212701529347604 98.57857142857142
90 0.04735742310519397 98.55000000000001
91 0.04481512420644451 98.55000000000001
92 0.0494669227729485 98.53714285714285
93 0.05534217200582914 98.41
94 0.054188048923887046 98.43285714285715
95 0.04902582789580005 98.49142857142857
96 0.042861369765097544 98.64571428571428
97 0.046563905183824576 98.5657142857143
98 0.04811261858541652 98.55428571428571
99 0.05135827527190226 98.37
100 0.03949409745334249 98.74285714285715
101 0.041940307129240996 98.65857142857143
102 0.048005208846048586 98.50571428571429
103 0.0454057057380643 98.70714285714286
104 0.05378708488740293 98.45285714285714
105 0.04434784331242554 98.67285714285714
106 0.04732471351299734 98.47714285714285
107 0.04992181855727852 98.61142857142858
108 0.04383576652492463 98.74571428571429
109 0.04921175581735692 98.60142857142857
110 0.04880006015832935 98.55857142857143
111 0.04329573974607878 98.66142857142857
112 0.04273940291089405 98.66
113 0.03774137126818199 98.79
114 0.040174578057859824 98.68
115 0.04465583528225709 98.61
116 0.0440272468493952 98.66857142857143
117 0.05037953186314553 98.61571428571429
118 0.052144938256242314 98.61
119 0.048763801706539066 98.64
120 0.03742730356744557 98.86142857142856
121 0.1747499043778849 98.57285714285715
122 0.0455794642760884 98.82142857142857
123 0.04026482521331803 98.72142857142858
124 0.042045529835325265 98.84285714285714
125 0.038667263742536304 98.87285714285714
126 0.042338031917710656 98.65714285714286
127 0.04353694426827133 98.64714285714285
128 0.0425588475380625 98.72857142857143
129 0.037939159157935394 98.82571428571428
130 0.05051693522990847 98.63857142857142
131 0.047395841540170035 98.73428571428572
132 0.041478212822091465 98.73428571428572
133 0.03571582300255873 98.84714285714286
134 0.040033687628539545 98.8
135 0.039416264996834795 98.84714285714286
136 0.043769770057842834 98.69857142857143
137 0.039479249809935155 98.77714285714285
138 0.03829918707213697 98.81571428571428
139 0.045046687998443045 98.75571428571429
140 0.03861095776082948 98.79142857142857
141 0.03969507878251274 98.82714285714286
142 0.03533270925782355 98.92285714285714
143 0.03650400112830019 98.89
144 0.04640817494505817 98.70285714285714
145 0.04267684835836657 98.7942857142857
146 0.0481708167146592 98.72142857142858
147 0.04454645071369928 98.69285714285714
148 0.06248044432835221 98.92857142857143
149 0.03633683804189786 98.91
150 0.038325428134370926 98.82571428571428
151 0.03464997639309981 98.96571428571428
152 0.0357265398346187 98.89714285714287
153 0.04771650578273693 98.71285714285715
154 0.03845414380060642 98.82857142857144
155 0.03370838085788169 98.97142857142858
156 0.03586250719980204 98.91714285714286
157 0.03468506337773371 99.01714285714286
158 0.040087498422154956 98.81142857142858
159 0.059158238999703565 98.75714285714285
160 0.050938486742878535 98.95714285714286
161 0.03403756769931143 98.95714285714286
162 0.03275637243770429 99.0
163 0.030369725541698114 99.02
164 0.04096799660166393 98.82285714285715
165 0.03845836754306219 98.86142857142856
166 0.050423364842759576 98.81428571428572
167 0.03691574779190497 98.91857142857144
168 0.03645348870501039 98.94
169 0.03369878874260134 98.98428571428572
170 0.03675710178628963 98.87428571428572
171 0.0365747258083346 98.90857142857142
172 0.029843635555069862 99.06285714285714
173 0.06286477700915254 98.71
174 0.04737291487482642 98.93857142857144
175 0.034099946843676406 98.97428571428571
176 0.032221058746384056 99.10428571428571
177 0.031408414889509524 99.07857142857142
178 0.03476091715303482 98.98428571428572
179 0.0419467180753002 98.88571428571429
180 0.03372657898108758 99.04142857142857
181 0.03620340462994396 98.96571428571428
182 0.03556139499645464 99.00999999999999
183 0.03830696365434311 99.04857142857144
184 0.03372958498333381 98.96000000000001
185 0.036936626491535986 99.01571428571428
186 0.03935897603493816 98.95285714285714
187 0.03312208773774078 99.04285714285714
188 0.031309655964723786 99.09571428571428
189 0.039358319337978696 98.85000000000001
190 0.03865216352423886 98.91857142857144
191 0.03787177496498251 99.00285714285715
192 0.05102822282584384 98.74571428571429
193 0.029682776561904965 99.14857142857143
194 0.048160536887153285 98.74000000000001
195 0.03392014843542711 99.07142857142858
196 0.0348949262575895 99.0142857142857
197 0.05304565543005343 98.87428571428572
198 0.04282578674748947 99.0657142857143
199 0.03769749603512797 99.03142857142856
