0 1.0476485171488352 69.57857142857144
0 1.0476485171488352 69.57857142857144
0 1.0476485171488352 69.57857142857144
1 0.5186286186746188 83.28428571428572
2 0.36631968589765684 88.27571428571429
3 0.29342742440955977 90.78285714285714
4 0.2534224471982036 92.04571428571428
5 0.2241154127035822 92.87571428571428
6 0.2036756578619991 93.58
7 0.18641215068687286 94.03857142857143
8 0.16465056206498827 94.74142857142857
9 0.15677218801741089 94.93857142857142
10 0.15496858293988874 95.00571428571428
11 0.14334583929606845 95.39428571428572
12 0.13142829208235657 95.77714285714286
13 0.12859140495104449 95.84428571428572
14 0.12100623463147453 96.03428571428572
15 0.1192708407714963 96.07714285714286
16 0.1115948319860867 96.25714285714285
17 0.11010187689880176 96.44571428571429
18 0.10521317581912236 96.5942857142857
19 0.1012708298808762 96.60857142857144
20 0.10001215695669609 96.68857142857142
21 0.09652259524312935 96.83285714285714
22 0.0962189248896071 96.79142857142857
23 0.08602641143436943 97.09285714285714
24 0.08496105677182121 97.15857142857143
25 0.08648436107273613 97.07714285714286
26 0.09085623101198248 96.95714285714286
27 0.08360501749840166 97.16142857142857
28 0.07714825805742294 97.36714285714285
29 0.07863962255285255 97.39714285714285
30 0.080456303502433 97.39142857142858
31 0.07328145426631506 97.50857142857143
32 0.0735542124543073 97.52857142857142
33 0.07276734814646521 97.49142857142857
34 0.07060679937579802 97.63285714285715
35 0.06857777702888208 97.68857142857142
36 0.07094423643745748 97.63285714285715
37 0.07221094449316817 97.59285714285714
38 0.06605951344361528 97.74714285714285
39 0.06553169057238847 97.77428571428571
40 0.06618154170723366 97.77142857142857
41 0.06398989082280812 97.80285714285715
42 0.06664357594546995 97.81857142857143
43 0.059920680088190625 98.01285714285714
44 0.06407681472399937 97.87285714285714
45 0.06953954784631995 97.78
46 0.06039693295822612 97.91142857142857
47 0.059805770465172825 97.98142857142858
48 0.05956300358820175 97.97142857142858
49 0.05638836448613022 98.09571428571428
50 0.05612530971444877 98.07857142857142
51 0.056765362511921144 98.05571428571429
52 0.054895440113198544 98.13428571428572
53 0.055831747367046776 98.14571428571428
54 0.055163052033167334 98.14285714285714
55 0.05395242825483105 98.19714285714286
56 0.05177485632610374 98.22999999999999
57 0.05192722865712962 98.21285714285715
58 0.04863839441378202 98.35142857142857
59 0.05547679420394291 98.14142857142856
60 0.05065529631084895 98.2942857142857
61 0.0541899515375761 98.18285714285715
62 0.050243322998950526 98.25
63 0.0467744798289745 98.38571428571429
64 0.05000396638609735 98.26857142857143
65 0.0464673392707482 98.4042857142857
66 0.04609272027321692 98.41
67 0.046582503030575546 98.42857142857143
68 0.04436519011173264 98.41285714285715
69 0.04767435307681028 98.31857142857143
70 0.04674812472292355 98.41142857142857
71 0.04215755257971718 98.57571428571428
72 0.04383135687476689 98.53
73 0.04342195622440028 98.5142857142857
74 0.045709937390804825 98.46714285714285
75 0.04326133264561317 98.54428571428572
76 0.04131081299839674 98.57428571428571
77 0.04333855205248775 98.49571428571429
78 0.03868050205687593 98.68714285714286
79 0.04077063635324261 98.58285714285714
80 0.03968932760147644 98.65142857142857
81 0.0445546607383793 98.48142857142858
82 0.03747371645810615 98.66714285714285
83 0.0441763634981388 98.49
84 0.04705821089953783 98.44714285714285
85 0.03973867334583442 98.65142857142857
86 0.039643070349369994 98.68142857142857
87 0.03992614843832728 98.67
88 0.04033735571720172 98.65
89 0.04297813900147698 98.53142857142856
90 0.03868011208201226 98.6557142857143
91 0.04223879964040991 98.59714285714286
92 0.05933734594046005 98.39857142857143
93 0.07339104717996503 98.25285714285714
94 0.05074153103998729 98.30714285714286
95 0.046266550966039564 98.42428571428572
96 0.03943007269042677 98.61
97 0.041395116567146034 98.57714285714285
98 0.04437956886914825 98.53857142857143
99 0.040524912916256914 98.64
100 0.038357562944958255 98.65714285714286
101 0.03417282233563518 98.81571428571428
102 0.03706455158552022 98.72857142857143
103 0.035137917910303386 98.75142857142856
104 0.035598445341622986 98.74285714285715
105 0.036354874539288824 98.75714285714285
106 0.03570431239221112 98.81714285714285
107 0.035698530290558535 98.76
108 0.04015851230593398 98.6242857142857
109 0.03448514698256206 98.82571428571428
110 0.03876653466473467 98.72
111 0.0404934204710714 98.73285714285714
112 0.03637440586662186 98.81142857142858
113 0.03910044050675684 98.68142857142857
114 0.03278065589555938 98.82714285714286
115 0.034498210570143004 98.82
116 0.032057311692042276 98.89857142857143
117 0.03381630196019874 98.83999999999999
118 0.03381393392595263 98.83142857142857
119 0.031125427551783755 98.9242857142857
120 0.03356966928121567 98.83285714285715
121 0.03004566084535327 98.90285714285714
122 0.030743287476943805 98.93285714285715
123 0.03858225611221444 98.84714285714286
124 0.034788792668758624 98.80857142857143
125 0.039237480303106295 98.7942857142857
126 0.09351262004663502 98.15857142857143
127 0.045740519768691486 98.61
128 0.04039693798321033 98.68142857142857
129 0.03860198236669281 98.71571428571428
130 0.03350389237203802 98.86142857142856
131 0.035526778162623354 98.81714285714285
132 0.03297349028156272 98.83428571428571
133 0.031064438912019664 98.91571428571429
134 0.031706460670933925 98.91428571428571
135 0.030689895941426844 98.93142857142857
136 0.03122312485489861 98.95
137 0.028295619319126542 99.01142857142857
138 0.028589950141675737 99.00999999999999
139 0.028271790248691104 99.03142857142856
140 0.028514206759573425 99.00571428571429
141 0.032063020267898014 98.95142857142856
142 0.027440228523836204 99.06857142857143
143 0.030631165541791624 99.03285714285714
144 0.027679769773136027 99.01857142857143
145 0.02739620141111248 99.03714285714285
146 0.02848616057963227 99.01285714285714
147 0.028968765200864124 99.01714285714286
148 0.028861216022134092 99.0142857142857
149 0.027080021909745743 99.07285714285715
150 0.02705352415709058 99.07285714285715
151 0.02607427676574194 99.07714285714285
152 0.028370234855725096 99.01142857142857
153 0.027434528817622258 99.03
154 0.025825913503857528 99.03571428571428
155 0.02873259457584936 99.01571428571428
156 0.028041334721159987 98.99428571428571
157 0.02764713797377356 99.03
158 0.026912593125764814 99.06857142857143
159 0.02656324277694304 99.07285714285715
160 0.025868308324716052 99.05857142857143
161 0.0270872311880521 99.06
162 0.02432076411280182 99.17571428571429
163 0.025857558265893855 99.12285714285714
164 0.022952322775298465 99.22714285714285
165 0.024873973583889892 99.09285714285714
166 0.025786557796943402 99.11571428571429
167 0.02322041842645766 99.18
168 0.025078073791186657 99.14571428571428
169 0.023713353407718907 99.13571428571429
170 0.026813026699778024 99.11
171 0.023723233546354874 99.12714285714286
172 0.023596317028402283 99.15
173 0.02616206028045521 99.11
174 0.021573801131682037 99.24142857142857
175 0.026242306135661368 99.06714285714285
176 0.0239595482599855 99.13714285714286
177 0.024413569055198293 99.14714285714285
178 0.023819245193465448 99.19857142857143
179 0.02116572072987245 99.25
180 0.022270345819862477 99.22714285714285
181 0.023280213783956633 99.20428571428572
182 0.021761990309626396 99.19
183 0.02173384600578824 99.24428571428572
184 0.0263874330053555 99.11428571428571
185 0.023043169398775456 99.18714285714286
186 0.025914508892206606 99.14142857142856
187 0.02229959935041344 99.26
188 0.0236907858829779 99.17142857142856
189 0.021117499831722984 99.23857142857143
190 0.023521948661655186 99.17571428571429
191 0.02044166584432657 99.29571428571428
192 0.021438132026295145 99.2657142857143
193 0.02113488798539038 99.27714285714285
194 0.0225982185880639 99.21857142857144
195 0.023212647364125587 99.24285714285715
196 0.02119889154406597 99.26714285714286
197 0.02632605282161551 99.13428571428572
198 0.020039732790360826 99.30285714285715
199 0.02616422023607551 99.14857142857143
