2.46327805519104
2.189439535140991
2.1360340118408203
2.115298271179199
2.0481951236724854
2.0690290927886963
2.1988539695739746
2.159209966659546
2.1488595008850098
2.159716844558716
2.1938257217407227
2.1035208702087402
2.096515417098999
2.1665821075439453
2.14945912361145
2.148416519165039
2.1513631343841553
2.1143147945404053
2.142894744873047
2.0664408206939697
2.071017265319824
2.1048965454101562
2.1156344413757324
2.3052115440368652
2.121696949005127
2.2767748832702637
2.1506872177124023
2.781181812286377
2.2049756050109863
2.349123239517212
2.245213031768799
2.25581693649292
2.2253258228302
2.2284343242645264
2.1735928058624268
2.1450774669647217
2.267376661300659
2.2744288444519043
2.170377016067505
2.2043116092681885
2.3210504055023193
2.253352403640747
2.315413475036621
2.3626835346221924
2.201082944869995
2.2693464756011963
2.2753100395202637
2.1456997394561768
2.1759426593780518
2.309318780899048
2.1637017726898193
2.324390411376953
2.2604293823242188
2.4625918865203857
2.2431254386901855
2.170706272125244
3.0891852378845215
3.0656790733337402
4.064401388168335
4.114765405654907
3.0432589054107666
2.302105665206909
2.2297775745391846
2.34053635597229
2.3226263523101807
3.0021095275878906
4.7593994140625
4.256082057952881
4.351820468902588
4.311032295227051
3.966128349304199
4.274896144866943
4.975749969482422
5.527945041656494
5.429330110549927
2.7282845973968506
3.533355236053467
4.2209367752075195
4.662224292755127
4.166214227676392
4.664476633071899
5.024440050125122
2.1071834564208984
3.3718442916870117
2.2385427951812744
2.147186517715454
2.091428279876709
2.1552734375
2.1502768993377686
2.1159892082214355
2.084076166152954
2.126461982727051
2.07474684715271
2.0938901901245117
2.1674721240997314
2.367856740951538
2.017064094543457
2.1649107933044434
2.15743088722229
2.1133434772491455
2.1600430011749268
2.1708686351776123
2.1728456020355225
2.1598148345947266
2.132002353668213
2.0852301120758057
2.1537787914276123
2.0983574390411377
2.0805256366729736
2.2443389892578125
2.0572311878204346
2.1992337703704834
2.1171438694000244
2.1006524562835693
2.1299986839294434
2.1177592277526855
2.1259782314300537
2.0747196674346924
2.1425843238830566
2.09767484664917
2.103323459625244
2.0987260341644287
2.153630256652832
2.1552693843841553
2.235363245010376
2.126654624938965
2.133941173553467
2.0737578868865967
2.121225357055664
2.0965747833251953
2.134106397628784
2.0919394493103027
2.0934503078460693
2.1571402549743652
2.061650514602661
2.0520007610321045
2.265645742416382
2.083601951599121
2.091672658920288
2.1810760498046875
2.1692616939544678
2.0918233394622803
2.1638283729553223
2.1050126552581787
2.2476460933685303
2.1680660247802734
2.1855292320251465
2.2770912647247314
2.106018543243408
2.1777679920196533
2.2571218013763428
2.2589199542999268
2.2362051010131836
2.209500551223755
2.2278671264648438
2.10602068901062
2.218095541000366
2.18794584274292
2.165148973464966
2.146617889404297
2.1162424087524414
2.226699113845825
2.0821499824523926
2.23233962059021
2.2219929695129395
2.1335487365722656
2.1226916313171387
2.109600305557251
2.2443554401397705
2.147677421569824
2.109670400619507
2.119298219680786
2.165389060974121
2.404003620147705
2.192147970199585
2.113517999649048
2.1325032711029053
2.2087759971618652
2.136676788330078
2.105456829071045
2.186897039413452
2.172222375869751
2.1463704109191895
2.1180622577667236
2.1617422103881836
2.1751370429992676
2.1914894580841064
2.2875349521636963
2.228057384490967
2.139234781265259
2.1751673221588135
2.3624191284179688
2.222630500793457
2.300224781036377
2.189450263977051
2.1971054077148438
2.215134859085083
2.138678789138794
2.2034709453582764
2.2939205169677734
