4.590501546859741
5.7330451011657715
5.479045867919922
5.164664030075073
3.201636552810669
2.187269926071167
2.226861000061035
2.198817253112793
2.2460343837738037
2.2615132331848145
2.3696417808532715
2.3087356090545654
2.288351058959961
2.21303391456604
2.2975921630859375
2.234065055847168
2.244067668914795
2.276582717895508
2.3171448707580566
2.3207497596740723
2.1487183570861816
2.307210922241211
2.306774377822876
2.1957173347473145
2.227773666381836
2.206660509109497
2.2778890132904053
2.230438709259033
2.2726168632507324
2.2334518432617188
2.890765905380249
2.2917582988739014
2.9719467163085938
3.642732620239258
2.2004213333129883
2.235046148300171
2.225703239440918
2.1232030391693115
2.2091031074523926
4.198568344116211
5.391165733337402
5.162592649459839
5.837105751037598
5.144674062728882
5.6682963371276855
5.484347105026245
5.6750030517578125
5.724275827407837
5.163575887680054
5.6612279415130615
5.85539984703064
6.069263696670532
5.488731861114502
5.9833550453186035
5.793901443481445
5.121581077575684
2.1847734451293945
2.2895619869232178
2.514364242553711
3.8844871520996094
4.437947511672974
2.275264263153076
3.0646145343780518
4.158490419387817
4.745086669921875
4.99092960357666
5.606384038925171
5.640419244766235
5.783485174179077
5.642822265625
5.252642393112183
2.1840081214904785
2.3325464725494385
3.608950138092041
2.316136360168457
2.639033317565918
2.8655648231506348
2.201669216156006
3.076324939727783
2.468336343765259
2.184253215789795
2.219419240951538
2.271435499191284
2.3722870349884033
2.3413407802581787
2.4078640937805176
2.4247360229492188
2.410033702850342
5.150886297225952
6.099019289016724
5.829642057418823
5.877594947814941
5.955380439758301
4.45866847038269
5.248971223831177
5.565720081329346
5.8338623046875
6.098431825637817
5.672558546066284
5.565718173980713
4.29085636138916
5.562837839126587
4.921905040740967
5.25828742980957
4.930479049682617
5.804414749145508
5.919183015823364
5.598127365112305
5.562173366546631
5.587005615234375
6.0976645946502686
5.951819658279419
4.695112705230713
5.280472278594971
5.216645240783691
3.9976680278778076
5.650712251663208
5.996266841888428
5.206744432449341
5.720440626144409
5.164722204208374
5.793489933013916
5.732846021652222
5.754488229751587
5.62103271484375
5.543133735656738
5.0673508644104
5.15278172492981
4.8377344608306885
3.101118564605713
4.208014726638794
5.320904016494751
5.741336107254028
5.272733688354492
5.226000070571899
5.94714617729187
5.718523979187012
5.436237335205078
5.7446935176849365
5.8507161140441895
5.495510578155518
4.184126377105713
4.248735666275024
4.488818407058716
5.44441556930542
5.571177005767822
4.13126015663147
4.588426828384399
4.6580023765563965
5.512832403182983
4.081246614456177
4.306152582168579
4.356168985366821
4.158668518066406
4.302576303482056
5.791839361190796
5.864373207092285
5.979414701461792
5.206985235214233
5.735480546951294
5.489758729934692
5.70733904838562
5.801855087280273
5.630240440368652
5.820075511932373
5.357306957244873
5.675382852554321
5.767055511474609
5.7792651653289795
5.115180969238281
5.321892023086548
5.235504150390625
5.416175127029419
5.822126626968384
5.7999560832977295
5.73463773727417
5.682237386703491
5.915557861328125
5.901742935180664
5.821199655532837
5.700235366821289
5.784205436706543
5.849686861038208
5.811907052993774
5.9421632289886475
5.3482441902160645
5.713681697845459
5.8048481941223145
5.845261335372925
5.934655666351318
5.859568357467651
5.792868375778198
5.6789562702178955
5.761932849884033
2.931934356689453
2.2174689769744873
3.125976085662842
2.462843656539917
2.2407984733581543
2.402559995651245
