2.483888626098633
2.0777206420898438
2.078179121017456
1.888087511062622
1.9527175426483154
1.988694429397583
1.9278926849365234
1.8934381008148193
2.06461501121521
1.9334237575531006
1.9410700798034668
1.8838481903076172
1.919834852218628
1.928335189819336
1.9873201847076416
1.906982660293579
1.8710999488830566
1.865204095840454
1.867598295211792
1.8983521461486816
1.8830535411834717
1.897951602935791
1.8799583911895752
1.899198055267334
1.8889284133911133
1.8728446960449219
1.9744882583618164
1.974266529083252
2.1412017345428467
1.8970634937286377
1.9490725994110107
1.8787777423858643
1.8881254196166992
1.8979241847991943
1.89277982711792
1.8641319274902344
1.9078586101531982
1.8906276226043701
1.8542728424072266
1.8739728927612305
1.923680305480957
2.2078003883361816
2.3706302642822266
2.3360531330108643
2.438483238220215
2.358732223510742
2.3868014812469482
2.4960544109344482
2.347543478012085
2.529000759124756
2.488999366760254
2.4710004329681396
2.4020211696624756
2.697737693786621
2.3949995040893555
2.371506690979004
2.444000482559204
2.653508186340332
2.9850001335144043
2.9240000247955322
2.8330001831054688
2.745999813079834
2.7950005531311035
2.794508457183838
2.70400071144104
2.7269997596740723
2.700000047683716
2.7740001678466797
2.733999490737915
2.8060014247894287
2.6959989070892334
2.7080001831054688
2.802999973297119
3.8783767223358154
5.610913276672363
5.241653203964233
5.689682245254517
5.753100872039795
4.235161304473877
2.365588426589966
2.3254125118255615
2.3881940841674805
3.338109016418457
5.879131317138672
5.14555549621582
2.2760567665100098
2.292015790939331
2.308021306991577
2.3885083198547363
3.015949249267578
5.879702091217041
4.371410369873047
2.272639513015747
5.774914979934692
5.91051173210144
6.1420252323150635
6.175919532775879
6.387165069580078
6.084086656570435
6.094753265380859
6.074391841888428
6.350585222244263
6.390606164932251
4.924055576324463
2.1910367012023926
2.279132604598999
2.324669122695923
2.774000883102417
2.330045700073242
2.459803342819214
3.5943377017974854
3.3168938159942627
3.244619131088257
3.0127408504486084
2.9585275650024414
2.9220468997955322
2.9204771518707275
3.097604751586914
3.101578950881958
3.505342960357666
3.1808526515960693
3.448749303817749
2.9206669330596924
3.288346529006958
3.448209762573242
3.427042245864868
3.169738531112671
3.227073907852173
5.316203832626343
6.027596950531006
2.9163646697998047
2.3857421875
2.4830894470214844
3.0598888397216797
3.063014030456543
2.9196362495422363
2.794039487838745
2.8762073516845703
2.868152141571045
2.903095245361328
2.80995512008667
2.8698153495788574
2.876260757446289
2.844594717025757
2.787365436553955
2.8033254146575928
2.8849611282348633
2.823112726211548
2.783968925476074
2.8289096355438232
2.781400680541992
2.8134145736694336
3.928239345550537
2.588796854019165
2.8093318939208984
2.7527949810028076
2.7245638370513916
2.831674098968506
2.752309560775757
2.7956347465515137
2.7563648223876953
2.73085618019104
2.751779317855835
2.7135963439941406
2.953329563140869
2.769439697265625
2.8360719680786133
2.9616377353668213
2.8275601863861084
2.8169214725494385
2.1952688694000244
2.1914658546447754
3.464557409286499
2.6039211750030518
2.6092710494995117
3.9734723567962646
2.1636860370635986
2.1602723598480225
3.914027452468872
2.055938243865967
2.164780378341675
2.151365280151367
2.14796781539917
4.861073970794678
4.868119478225708
4.1735711097717285
2.0757081508636475
3.707279682159424
2.1710283756256104
2.0480599403381348
2.1393661499023438
3.31503963470459
2.1185829639434814
2.178766965866089
2.154602289199829
2.224452257156372
2.1291141510009766
2.214411735534668
2.1118216514587402
3.6741669178009033
2.148049831390381
2.075012445449829
