0 0.6292523252751147 79.63285714285713
1 0.37709171620862825 86.83857142857143
2 0.31183003238269263 89.26428571428572
3 0.26542481533118656 90.77571428571429
4 0.24394969020038842 91.57
5 0.2199240018320935 92.44142857142857
6 0.20716864562992537 93.00714285714285
7 0.19444421184116176 93.38714285714286
8 0.18416955861662115 93.76
9 0.17363367939633984 94.0442857142857
10 0.17074895971587725 94.35142857142857
11 0.16343254461352313 94.63428571428571
12 0.1530844579078257 95.04
13 0.14821049852828894 94.99142857142857
14 0.1439610818667071 95.18285714285715
15 0.1374467328110976 95.44285714285714
16 0.1318163745531014 95.54428571428572
17 0.13021006902147617 95.65857142857142
18 0.12999510744586587 95.83142857142857
19 0.12209088698428656 95.95142857142858
20 0.1216090096959046 96.06142857142858
21 0.11926388116154288 96.07
22 0.11981040621309408 96.26
23 0.110234344624249 96.47428571428571
24 0.1094436257651874 96.32714285714286
25 0.1078857951185533 96.42428571428572
26 0.10484980416417654 96.66428571428571
27 0.10891594792117498 96.53142857142856
28 0.10341357973803367 96.61857142857143
29 0.09745923620249544 96.80285714285715
30 0.09811961239336857 96.79714285714286
31 0.09865516891969102 96.77571428571429
32 0.09348246490848916 96.98285714285714
33 0.09432647494466177 96.95428571428572
34 0.09102148038734283 97.00285714285715
35 0.09192017145321837 97.09714285714286
36 0.08866563215253076 97.1557142857143
37 0.09016515555126327 97.23571428571428
38 0.0871265196560749 97.20285714285714
39 0.09389433849469891 97.29857142857142
40 0.0862816232555945 97.26
41 0.08397221753174174 97.41428571428571
42 0.08309310019149312 97.30142857142857
43 0.08392144948709757 97.40142857142857
44 0.08468474825012631 97.33285714285714
45 0.07899585403435465 97.48571428571428
46 0.07995576497233872 97.47142857142858
47 0.07578277647229177 97.58142857142857
48 0.0780060575553216 97.61714285714285
49 0.07521988312048572 97.68142857142857
50 0.0766447854693979 97.61285714285715
51 0.07526120830792933 97.66857142857143
52 0.07428091814808015 97.60285714285715
53 0.07581830340238022 97.70142857142858
54 0.0762378193434727 97.79714285714286
55 0.06842091000406071 97.78142857142858
56 0.07256449016875455 97.82857142857144
57 0.07140614589177338 97.83857142857143
58 0.07074977820007397 97.88142857142857
59 0.07074257751294812 97.88428571428571
60 0.07004566975004439 97.82
61 0.07125659049555128 97.81
62 0.06427981834692348 97.96571428571428
63 0.06618677700437339 97.96714285714285
64 0.06624920619086229 97.96285714285715
65 0.06818112947279588 97.95
66 0.06609418534407659 97.99142857142857
67 0.06671821575329107 97.99714285714286
68 0.06300297342473642 98.07857142857142
69 0.06775866971085114 98.03
70 0.06612601229355537 98.04857142857144
71 0.06869240033440292 98.08428571428571
72 0.065753852440643 98.0
73 0.0620815710414068 98.03142857142856
74 0.06908018877829558 97.96714285714285
75 0.061213605751150424 98.17428571428572
76 0.0619229479335315 98.16285714285713
77 0.0601028179957731 98.23571428571428
78 0.06176406976367746 98.14285714285714
79 0.06316250903897785 98.15428571428572
80 0.06152649039003466 98.11857142857143
81 0.05712681744480506 98.16571428571429
82 0.05578160461504012 98.33857142857143
83 0.06624408887034015 98.14714285714285
84 0.059284658514828024 98.15428571428572
85 0.05774746766172549 98.19571428571429
86 0.061362820450948284 98.24714285714286
87 0.05906159645511902 98.28428571428572
88 0.05838544741605541 98.30142857142857
89 0.06288594820137534 98.26714285714286
90 0.05699322348593601 98.33857142857143
91 0.06037122592596071 98.28142857142858
92 0.05935816563632605 98.38
93 0.05755681198555976 98.3
94 0.05338124947273173 98.38285714285713
95 0.054707499505769065 98.34
96 0.05792393482007485 98.42142857142858
97 0.06420325388682874 98.39571428571429
98 0.05611144894201841 98.42142857142858
99 0.05664314413576254 98.42857142857143
100 0.05325794894481078 98.51857142857143
101 0.05603089031746744 98.43428571428572
102 0.05508131829489555 98.3757142857143
103 0.05135355108691978 98.45285714285714
104 0.0567076877073019 98.46571428571428
105 0.05685743546229787 98.41857142857144
106 0.057915017960892455 98.43857142857144
107 0.05682984128361568 98.47142857142858
108 0.050582015095860695 98.44142857142857
109 0.052395032956098604 98.48
110 0.05437876369704359 98.45714285714286
111 0.07404653011006303 98.58
112 0.05132260609933707 98.48142857142858
113 0.0527950740239716 98.5
114 0.05552825084238845 98.40857142857142
115 0.05159993978824267 98.56285714285714
116 0.06054257586515242 98.51285714285714
117 0.05147260701491697 98.49714285714286
118 0.05058205852875419 98.53142857142856
119 0.055253482621961406 98.58285714285714
120 0.053477834266211305 98.53285714285714
121 0.04876802920471943 98.55000000000001
122 0.04903564949885809 98.5142857142857
123 0.05821831908060371 98.59714285714286
124 0.05099028601011794 98.53428571428572
125 0.05113972962251864 98.56714285714285
126 0.050874500840020896 98.59428571428572
127 0.054609657734732274 98.57428571428571
128 0.04532395790168916 98.66428571428571
129 0.04848212492976537 98.64285714285714
130 0.04808116955815681 98.58
131 0.04947930189452433 98.64857142857143
132 0.05021642502621814 98.60285714285715
133 0.04755798673423539 98.66142857142857
134 0.04578447240097116 98.6842857142857
135 0.0458771571075444 98.66857142857143
136 0.04457946929340583 98.74714285714286
137 0.04719179610056536 98.63714285714286
138 0.0491862844001402 98.65142857142857
139 0.05147007915690275 98.68571428571428
140 0.045927866254267945 98.72857142857143
141 0.04746603843124051 98.62285714285714
142 0.047470334257481483 98.66142857142857
143 0.04856677470429401 98.70857142857142
144 0.0462134854062294 98.66714285714285
145 0.050634407242427446 98.72714285714285
146 0.04512971263470328 98.65857142857143
147 0.046809725286688524 98.72999999999999
148 0.06203893715432579 98.81142857142858
149 0.047700895558643555 98.77
150 0.051349903029456204 98.77428571428571
151 0.04766271509596014 98.72
152 0.04789482593677739 98.64428571428572
153 0.04496220513729245 98.70714285714286
154 0.04854780532519466 98.68142857142857
155 0.04788517592150519 98.79142857142857
156 0.04533723070236322 98.7657142857143
157 0.09904139952147878 98.77
158 0.04239139052390653 98.79857142857142
159 0.0447869747560305 98.80571428571429
160 0.043706287409461635 98.80428571428571
161 0.04555348806299402 98.76714285714286
162 0.050650861566620214 98.71142857142857
163 0.04451893641343174 98.81
164 0.07452324639070347 98.76857142857143
165 0.043733815694826525 98.7942857142857
166 0.05155142393536932 98.71428571428571
167 0.05346560291326438 98.83
168 0.0535508909181226 98.74000000000001
169 0.0427427988160967 98.79857142857142
170 0.04075104527300157 98.84714285714286
171 0.043227090252122645 98.74142857142857
172 0.04440322173640847 98.80714285714286
173 0.0511140667978907 98.82285714285715
174 0.05302360243455041 98.82571428571428
175 0.04721554024080563 98.79571428571428
176 0.04694843120432259 98.81428571428572
177 0.042935064745210444 98.8
178 0.045869497587700606 98.78
179 0.04348331056998826 98.93285714285715
180 0.046660957622807475 98.83
181 0.0670912813479247 98.83285714285715
182 0.047566629515204115 98.90571428571428
183 0.04147602842638402 98.85428571428572
184 0.04765676394146535 98.85000000000001
185 0.04570956101865574 98.90857142857142
186 0.04134644122727747 98.80428571428571
187 0.04325683629148573 98.83
188 0.04839712528644928 98.82428571428571
189 0.04057883575363251 98.86285714285714
190 0.043903028956597805 98.83142857142857
191 0.04919622080641732 98.82428571428571
192 0.039691277616532586 98.91
193 0.04303707627267743 98.97571428571429
194 0.04592931340390351 98.80714285714286
195 0.043174764244384795 98.87428571428572
196 0.04335164506932155 98.94428571428571
197 0.03993868194823985 98.84428571428572
198 0.04698834437569271 98.88142857142857
199 0.07398868843173009 98.97857142857143
