3.054002285003662
3.071875810623169
3.0551133155822754
3.0408999919891357
3.0410237312316895
3.0396482944488525
3.0473031997680664
3.018092632293701
3.0366716384887695
2.9623146057128906
2.961589813232422
2.952388286590576
2.9946720600128174
2.9399242401123047
3.037940740585327
2.986442804336548
2.979452610015869
3.0348942279815674
2.9516468048095703
3.0130245685577393
2.993804693222046
3.0379624366760254
3.0144712924957275
3.04555606842041
2.988635540008545
2.9845259189605713
2.931591749191284
2.976015090942383
2.965505599975586
2.953498601913452
3.035576820373535
2.935286283493042
2.9442172050476074
2.9417953491210938
2.946847915649414
2.9529547691345215
2.9444594383239746
2.988107681274414
2.9559924602508545
2.9677786827087402
2.949472665786743
2.957944631576538
3.0698814392089844
3.0935068130493164
3.093348503112793
3.053299903869629
2.9032797813415527
2.9682064056396484
2.9295833110809326
2.9366934299468994
2.926375150680542
2.9748826026916504
3.032360553741455
2.9921817779541016
2.970196485519409
2.988269329071045
3.152036190032959
3.0004730224609375
3.0343387126922607
3.01849365234375
2.923567056655884
2.923931360244751
2.942091941833496
2.9361517429351807
2.9299817085266113
2.925536870956421
3.0684516429901123
2.9678657054901123
2.9722297191619873
2.9326653480529785
2.935591220855713
2.941622257232666
2.9563114643096924
2.955498695373535
2.957366943359375
2.9574389457702637
2.9839820861816406
3.03149676322937
2.9375038146972656
2.9304392337799072
2.9348866939544678
2.9300875663757324
2.9645683765411377
2.9317896366119385
2.92388916015625
2.9409444332122803
2.944838047027588
3.000148296356201
2.955895185470581
2.9574649333953857
2.941467523574829
2.9634695053100586
2.934943675994873
2.9387428760528564
2.9340598583221436
2.9429869651794434
2.949481248855591
2.9837818145751953
2.967524290084839
2.9308314323425293
2.9307353496551514
2.9311325550079346
2.935246229171753
3.0587587356567383
2.9298095703125
2.93426513671875
2.9667317867279053
3.0118110179901123
3.0083839893341064
2.9327304363250732
2.9465649127960205
2.933983564376831
2.9664700031280518
2.949326753616333
2.955148458480835
2.9501514434814453
2.933087110519409
2.9433436393737793
2.983767509460449
2.933572292327881
2.938228130340576
2.9462831020355225
2.9094126224517822
2.9355247020721436
2.9383959770202637
2.9338600635528564
2.956829786300659
2.944129228591919
2.9261999130249023
2.9515597820281982
2.940423011779785
2.9374172687530518
2.933840751647949
2.947829008102417
2.9360194206237793
2.941251754760742
2.948564291000366
2.966874599456787
2.9431095123291016
2.9499762058258057
2.9368133544921875
2.93548321723938
2.9332876205444336
2.947307586669922
2.9708738327026367
2.9338300228118896
2.944887399673462
2.9329991340637207
2.95182466506958
2.9477033615112305
2.934373617172241
2.9329001903533936
2.935370922088623
2.932932138442993
2.9432308673858643
2.942619800567627
2.9522688388824463
2.861140251159668
2.948154926300049
2.945446252822876
2.939255952835083
2.9387340545654297
2.947227716445923
2.936957597732544
2.937991142272949
2.9361562728881836
2.9339215755462646
2.938131093978882
3.005234479904175
2.91959547996521
2.932910203933716
2.938459873199463
2.933245897293091
2.9368157386779785
3.010671615600586
2.935612201690674
2.9305620193481445
2.934248447418213
2.9733033180236816
3.059290885925293
3.0044445991516113
2.9400129318237305
2.9378976821899414
2.9429807662963867
2.814896583557129
2.400175094604492
2.400055170059204
2.3980681896209717
2.419076681137085
2.401813268661499
2.4679951667785645
2.4215877056121826
2.394354820251465
2.40081524848938
2.4124300479888916
2.395714044570923
2.3957488536834717
2.394540786743164
2.397918701171875
2.395610809326172
