0 1.1700683216112 73.34857142857143
1 1.552037131360599 77.83714285714287
2 5.486613938595568 73.16142857142857
3 5.127851234589304 73.39428571428572
4 3.086142002897603 78.39571428571429
5 0.8261584083523069 84.43857142857144
6 1.4076934599237783 83.04
7 16.149346547637666 72.26142857142858
8 11.863773340838296 75.75285714285714
9 3.2718491521690574 80.03
10 1.753649764401572 83.13428571428571
11 2.088055627026728 83.21571428571428
12 1.6983328519335814 82.50999999999999
13 1.0734414533845016 85.46142857142857
14 6.411100347893579 77.98857142857143
15 3.3339972575221744 79.45
16 2.806022622649159 81.68857142857144
17 4.559722032185111 81.63285714285713
18 3.921353188242231 81.25142857142858
19 7.744056843263762 80.50428571428571
20 2.2861875879764555 84.35714285714285
21 1.5910564129054547 85.88285714285713
22 1.3162885558605195 86.88857142857142
23 1.3596847489476205 85.7
24 1.1388430475337166 86.43428571428572
25 3.3270178686295235 82.55285714285714
26 17.40815927450146 76.80142857142857
27 2.85983915495021 83.55285714285714
28 1.6925393146489347 86.03428571428572
29 1.5242897071370056 86.61999999999999
30 3.0809704001886504 84.75285714285714
31 8.215245722617421 81.75
32 2.2508323462307454 86.33714285714285
33 1.9629057432285377 85.50285714285715
34 4.754621661475727 85.11857142857143
35 7.048330595493317 78.31714285714285
36 6.042627401947975 82.26
37 3.769132383870227 85.45285714285714
38 1.4368316635808775 88.62714285714286
39 43.27668050491384 80.81142857142856
40 7.62142007291317 84.50714285714285
41 10.941974809212343 82.94142857142856
42 12.510594676051822 80.48857142857143
43 4.900782757188592 85.48714285714286
44 2.0909734565126046 88.42285714285715
45 3.744646588574563 87.02
46 2.002988397628069 89.01285714285714
47 2.4775052098078385 88.50714285714287
48 4.634552997222968 83.82714285714286
49 9.923358854225704 82.67999999999999
50 2.7209474420547486 86.99857142857142
51 2.217973275099482 88.29571428571428
52 12.0188466199381 82.88
53 11.938756072180611 82.94
54 4.296937917800887 87.33571428571429
55 3.2123611834432397 87.91
56 2.50351449363998 88.50285714285714
57 5.840444983744195 87.52571428571429
58 10.023738419669016 83.53714285714285
59 2.5339562736877372 88.48714285714286
60 1.5900482322594949 89.63714285714286
61 4.119694310155298 87.18
62 20.22225038715771 82.52285714285715
63 5.301065103560686 87.07285714285715
64 19.802113480780807 87.60714285714286
65 14.358102838311877 81.68285714285715
66 6.258311619418008 85.92714285714285
67 3.310011984237603 87.83571428571429
68 8.378195400440267 86.06142857142856
69 4.287071433620794 88.25714285714285
70 2.2940547668720996 89.8
71 3.661317404221211 88.32857142857144
72 3.7971767833190304 88.09285714285714
73 3.804932504732694 88.34
74 5.651198779333915 88.75142857142858
75 34.21175146392414 82.69142857142857
76 5.636100663585323 88.54285714285714
77 3.6467575521501048 89.42857142857143
78 5.830293249679463 87.4857142857143
79 3.7457745378996643 88.90571428571428
80 10.916404340692928 86.34428571428572
81 17.21783689413752 84.91571428571429
82 4.125541428646871 89.36714285714285
83 3.2914340254877295 90.02
84 12.729395794314998 86.64714285714285
85 24.53048063627311 85.38285714285713
86 5.386260761554752 89.65285714285714
87 3.3248414406393256 90.27142857142857
88 3.514886915893959 90.45
89 2.6303804005788907 90.61
90 12.250340092570655 86.88
91 39.51871552314077 84.93
92 10.843491859499897 89.07285714285715
93 4.603766547158094 90.75285714285715
94 5.2606208995410375 91.08428571428571
95 4.942126483108316 90.08571428571429
96 9.560507714748383 88.31428571428572
97 4.865085988651429 90.01714285714286
98 19.634152398854493 85.66285714285713
99 7.787054261650358 88.78
100 5.062313448360988 89.91428571428571
101 3.9121259243999207 90.16857142857143
102 3.404503511307495 90.77714285714286
103 24.361797931364606 85.35428571428571
104 32.01917248359748 85.24000000000001
105 11.356262763908932 88.74428571428571
106 3.5757982350034374 91.13428571428571
107 3.1780494089371394 91.12285714285714
108 5.309631425807519 90.02
109 3.601797281716551 90.42285714285714
110 7.920512401823487 88.47571428571429
111 6.886040995929922 88.47571428571429
112 25.016592739165894 87.99428571428571
113 310.20325793283325 83.72428571428571
114 20.775325522933688 87.16285714285715
115 13.914220566037777 88.72285714285715
116 12.200004627890884 90.31285714285714
117 6.555419472578588 90.0442857142857
118 10.549972466794507 89.02714285714286
119 7.935817627236247 89.34142857142857
120 4.802219719439745 91.21142857142857
121 4.088795891553164 90.55857142857143
122 6.418776803059237 89.56714285714285
123 4.218044604866632 90.34714285714286
124 4.117798053334866 90.37428571428572
125 21.025842521999564 86.31142857142858
126 12.541701972399439 87.96142857142857
127 4.801957833138959 90.72428571428571
128 3.397136492154428 91.47285714285715
129 5.790577996543475 89.96428571428572
130 10.498065914256232 88.71571428571428
131 6.502472665054458 90.23
132 4.13476830246193 90.7957142857143
133 6.377457641022546 89.93142857142857
134 47.023275126048496 84.53
135 14.15635755526168 88.02142857142857
136 9.822119090557099 90.45857142857143
137 5.458653039955534 91.06714285714285
138 7.337761990172522 90.10857142857142
139 7.516403536604983 90.41571428571429
140 6.041135165313525 90.35714285714286
141 8.146650164199194 90.30142857142857
142 27.572855362466402 87.4042857142857
143 10.214085621148614 90.01857142857142
144 12.592298733102425 89.73285714285714
145 11.417708911970259 90.42571428571429
146 5.272213474594589 91.12571428571428
147 8.117897074999554 90.33428571428571
148 8.231985848904754 90.82857142857142
149 13.965881013529641 89.59857142857143
150 7.637721435810838 90.46285714285715
151 7.475514652516161 90.49000000000001
152 5.087266620957027 91.23857142857142
153 6.490785560234051 90.03428571428572
154 4.624733362803235 91.55428571428571
155 38.928928117156026 87.00285714285714
156 17.951972591451238 88.17571428571429
157 12.136244855182511 89.09714285714286
158 11.224120408850057 90.53
159 15.38969233751297 90.56714285714285
160 7.223374780272799 90.8
161 4.539762528315187 91.51
162 16.38977072406028 90.08714285714285
163 19.36007452258042 89.16285714285715
164 15.69539326178176 90.83714285714287
165 16.130761828081948 89.65857142857143
166 6.46016841955749 91.74857142857142
167 4.753306266997861 92.70857142857143
168 5.967270589245215 91.91
169 5.40328975168722 91.93
170 6.586355759585755 91.2057142857143
171 17.082544585466383 88.72428571428571
172 11.183172138844217 90.38857142857142
173 18.746905340658767 89.49571428571429
174 9.969732991201537 90.75714285714285
175 50.94686439637627 88.85
176 10.95040118272017 91.44142857142857
177 6.2039560589180995 92.37714285714286
178 9.90570550692933 90.84285714285714
179 9.072290063803749 91.41285714285713
180 6.00812934701464 91.86571428571429
181 6.884570612737111 91.98714285714286
182 6.018957671634853 91.51714285714286
183 6.829717720981155 91.71000000000001
184 5.987704853948047 92.17428571428572
185 5.718338851838239 91.48714285714286
186 6.529262831172341 91.43285714285713
187 5.274278757683268 91.49857142857142
188 184.91724641450813 85.93571428571428
189 17.603316516762135 91.13857142857142
190 8.444694907742107 92.14142857142858
191 9.344626511926098 91.78428571428572
192 5.123982449898031 92.56
193 5.761235581603001 92.58857142857143
194 22.567892903435027 89.57285714285715
195 12.216345332286188 90.81857142857143
196 6.505013209464295 92.20428571428572
197 4.947456234430096 92.98285714285714
198 4.758826774412134 92.70142857142856
199 28.27266752029104 90.03142857142858
