0 4.080362790014062 70.5657142857143
1 2.2822417504021097 76.10428571428571
2 1.450558203629085 77.79857142857142
3 1.1965807650344713 78.11714285714285
4 1.2745288649840014 79.76571428571428
5 2.195923105648586 79.27428571428572
6 1.667043082777943 80.70571428571428
7 1.4543910925303187 80.86857142857143
8 1.344471514161144 81.89571428571428
9 1.3655836445306029 81.69999999999999
10 1.9748072420699256 82.53285714285714
11 1.5544085463455746 83.29571428571428
12 3.0560685480492458 82.64285714285714
13 1.6180036166736058 83.55857142857143
14 1.2604923525452614 83.64857142857143
15 1.3333759698484624 83.90142857142857
16 1.8305062882602214 83.06285714285714
17 2.538540840148926 83.76571428571428
18 1.7990109041120326 83.79571428571428
19 2.166682465832148 84.86714285714285
20 1.741359324157238 83.89428571428572
21 1.7273963970797404 84.26428571428572
22 2.2674524602506843 84.38285714285715
23 2.036466153285333 84.70571428571428
24 4.4169029677127085 84.48714285714286
25 1.6119237786957197 84.85000000000001
26 1.9429468904435634 85.02714285714286
27 2.256736024203045 84.27285714285713
28 2.7906360533407755 84.27714285714286
29 1.8627468195238284 85.31571428571428
30 2.2431920743307896 84.3457142857143
31 2.9376522738592965 84.52
32 3.151161820484059 85.05285714285714
33 1.479935528593404 85.88714285714286
34 8.670504127464124 84.73428571428572
35 2.3655968366989066 86.05142857142857
36 2.742223395769085 85.28142857142858
37 3.685920055082866 85.48857142857142
38 2.284824471846223 86.09428571428572
39 2.742555973891701 85.72714285714285
40 10.355245661480087 85.47714285714287
41 2.41902476492737 86.19285714285714
42 2.6566405008307523 85.77857142857142
43 2.956769296218242 86.47
44 5.135928944806968 86.29285714285714
45 2.328467744487737 86.35000000000001
46 2.9256368005275726 85.98
47 6.020944333193557 86.08428571428571
48 9.213975407140596 85.84857142857143
49 2.3767490875508104 86.66285714285713
50 3.9804895978740285 86.20857142857142
51 2.719024362670524 86.92857142857143
52 5.9561306312467375 86.57428571428571
53 3.112072215591158 86.82571428571428
54 2.621510282680392 87.38857142857142
55 6.894932004681655 86.95428571428572
56 3.5069176799271786 86.69142857142857
57 3.3197014947874206 87.12285714285714
58 6.523577363214322 86.89285714285714
59 3.9498177963495253 87.17857142857143
60 2.177842854506203 87.51571428571428
61 4.1676390967784185 86.73857142857143
62 3.3871512535480517 87.32
63 7.491522958502173 87.53142857142858
64 4.150350849319781 86.64714285714285
65 3.389928427546152 87.06285714285714
66 5.283155102165682 87.29142857142858
67 4.056676414459944 87.77571428571429
68 6.151239433586597 86.75857142857143
69 3.9905299463442394 87.5957142857143
70 6.052416587605008 86.94142857142857
71 4.294659892826208 88.10857142857142
72 4.191264095367598 87.58142857142857
73 4.4371421084233695 87.78285714285714
74 4.928226134074586 87.57428571428572
75 3.670174528083631 87.62571428571428
76 6.15625778896468 87.76857142857143
77 7.306781746095845 87.93571428571428
78 6.424823626875877 88.45285714285714
79 6.177559066276465 87.38571428571429
80 6.115108625122479 88.32142857142857
81 5.193954777706947 87.9042857142857
82 11.540057397506066 87.66428571428571
83 8.184077797446932 88.42285714285715
84 5.1495161657461095 88.3
85 6.3054901338381955 88.35571428571428
86 6.653665099931615 87.91857142857143
87 11.96554109786238 88.47571428571429
88 4.235391487990107 88.52428571428571
89 16.035350609602673 87.78571428571429
90 5.213247907608747 88.86714285714285
91 5.298736849320786 88.48285714285714
92 8.037850727641157 87.98428571428572
93 6.546627120301127 88.52428571428571
94 5.08359106373574 88.67142857142856
95 7.955934916074787 88.25428571428571
96 5.285910729308213 88.57857142857142
97 9.196978617257306 87.60428571428571
98 5.816882897040673 88.58285714285714
99 7.154784707666508 88.23285714285714
100 7.907707154154777 88.40857142857142
101 7.2356947731652435 88.83142857142857
102 8.042325386596577 88.72571428571429
103 8.629647070754851 88.26571428571428
104 5.414638860694 88.90285714285714
105 20.0603314499557 88.42285714285715
106 8.982064402614322 89.12857142857142
107 8.200854540211814 88.6
108 7.80661256085549 88.96
109 11.980068569225924 88.53428571428572
110 7.779505169540644 89.28857142857143
111 6.670254963274513 89.18142857142857
112 6.011684084513358 89.20714285714286
113 90.38698132155197 87.71857142857142
114 8.959707561901638 89.18857142857142
115 7.046381147333554 89.44571428571429
116 9.628579473580633 88.47142857142856
117 8.408665121272206 88.56857142857143
118 8.670434772116797 89.34
119 11.00891465462212 88.50285714285714
120 6.425943437154804 89.54714285714286
121 8.717293829683747 88.98
122 9.46251114213041 89.02285714285715
123 6.100664896347693 89.16428571428571
124 28.385007329255338 88.52285714285715
125 8.84619800599558 89.52
126 9.948597468925374 89.50714285714285
127 12.724535149511482 89.23285714285714
128 13.985790290885738 89.54285714285714
129 13.090035506933928 89.51285714285714
130 9.88385281712615 89.60428571428571
131 8.702939642071724 89.27714285714285
132 9.174571443503456 89.21142857142857
133 27.202947169782792 89.03
134 9.511013313872473 89.96142857142857
135 8.583935662667667 88.90142857142858
136 9.002050343070712 89.23
137 8.337153508918625 89.53571428571429
138 30.64700158798269 89.48714285714286
139 11.798551728086812 89.63285714285715
140 12.895496495515108 89.4
141 14.485162480920554 89.86428571428571
142 17.90534956098667 89.39285714285714
143 18.159111531717436 89.65285714285714
144 10.784075035027096 90.05571428571429
145 10.717039365757788 89.66
146 20.149750097692014 89.82857142857142
147 10.09325469366674 89.32857142857142
148 56.0792266803767 89.2057142857143
149 8.617892203485328 89.46714285714286
150 14.426764099427633 89.55714285714286
151 16.196489152454305 90.08285714285714
152 9.68349733713216 89.56
153 10.812442125273602 89.99428571428571
154 16.76051963542189 90.46428571428572
155 17.209845217876136 89.81857142857143
156 9.069713210088441 90.18714285714286
157 25.583085513945136 89.36
158 10.842499627103763 90.14
159 21.110273594430513 89.78571428571429
160 16.17476192927483 89.80857142857143
161 11.7742838374206 90.70857142857143
162 33.74692290660925 90.16142857142857
163 12.358631906967078 90.5442857142857
164 24.460920279238906 90.04142857142857
165 10.899795445113309 89.84571428571428
166 24.93919910603336 90.1542857142857
167 12.916854455593441 90.29142857142857
168 30.803611619217055 89.72714285714287
169 12.891391195186547 90.25428571428571
170 16.009272533995766 90.15142857142857
171 16.336194701524718 90.42999999999999
172 25.86513289581053 89.74428571428571
173 105.45591126424925 90.05428571428571
174 28.973449820472993 90.35714285714286
175 15.1723807402168 90.55428571428571
176 16.897302357435194 90.49571428571429
177 22.233401396987695 90.20285714285714
178 21.969568566020047 90.45285714285714
179 25.54262718357678 90.69857142857143
180 16.306714043148926 90.43571428571428
181 10.321397508255073 90.82285714285715
182 16.38549316509494 90.08857142857143
183 52.95358237607139 90.19142857142856
184 17.839596284117018 90.7057142857143
185 15.7602409295312 90.67857142857143
186 16.971092279564058 90.39714285714285
187 64.23133476617613 90.76428571428572
188 14.331631841169937 90.69571428571429
189 148.6035583473476 89.79714285714286
190 17.5140090493645 90.92714285714287
191 25.632201325765678 89.92571428571429
192 20.967579238883086 90.69428571428571
193 40.123516662972314 90.48428571428572
194 29.166802332720586 90.68857142857144
195 18.773094770014286 91.16
196 48.96854519791434 90.36142857142858
197 292.3554122248465 90.86714285714285
198 25.786524614734308 90.49857142857142
199 32.52827101864985 90.86999999999999
