2.5617434978485107
2.68294095993042
2.570876121520996
2.594989776611328
2.5619192123413086
2.646552562713623
2.699786901473999
2.6975631713867188
2.405160427093506
2.4673147201538086
2.598261833190918
2.6330482959747314
2.5886662006378174
2.5531835556030273
2.5775437355041504
2.59061336517334
2.555405855178833
2.5548810958862305
2.5865235328674316
2.5843589305877686
2.62614107131958
2.6248016357421875
2.626258611679077
2.705674409866333
2.588332176208496
2.5882651805877686
2.5530428886413574
2.544713258743286
2.6768670082092285
2.5437002182006836
2.5643208026885986
2.581329345703125
2.6586360931396484
2.555952310562134
2.675508499145508
2.5513505935668945
2.5541863441467285
2.5673563480377197
2.553668260574341
2.5577232837677
2.568721294403076
2.5581531524658203
2.592156410217285
2.5593154430389404
2.5699679851531982
2.5902187824249268
2.605894088745117
2.5560317039489746
2.5916543006896973
2.5534515380859375
2.556406259536743
2.556577205657959
2.5839855670928955
2.549224853515625
2.5857105255126953
2.555823564529419
2.5924181938171387
2.592482566833496
2.543093204498291
2.5709269046783447
2.55009126663208
2.5855720043182373
2.5874385833740234
2.555262565612793
2.570984363555908
2.549872636795044
2.55822491645813
2.6583638191223145
2.5809848308563232
2.6717512607574463
2.5799741744995117
2.543797016143799
2.569552421569824
2.549039602279663
2.5584027767181396
2.539340019226074
2.5708935260772705
2.5545122623443604
2.5685524940490723
2.570263385772705
2.5517845153808594
2.62434720993042
2.5502309799194336
2.55165696144104
2.5537190437316895
2.547011613845825
2.567906141281128
2.5552947521209717
2.548635244369507
2.5650787353515625
2.5548384189605713
2.5780086517333984
2.645284652709961
2.6284048557281494
2.5498180389404297
2.5514345169067383
2.5727806091308594
2.553589105606079
2.5519402027130127
2.5832459926605225
2.553007125854492
2.5595011711120605
2.567584991455078
2.5508368015289307
2.6515729427337646
2.552867889404297
2.5784971714019775
2.5578932762145996
2.555612325668335
2.5640077590942383
2.554217576980591
2.5586206912994385
2.5565197467803955
2.5532150268554688
2.58988356590271
2.5434298515319824
2.600858449935913
2.546363115310669
2.557152032852173
2.5590314865112305
2.5544164180755615
2.5510094165802
2.7025468349456787
2.5478413105010986
2.623102903366089
2.5554049015045166
2.5534942150115967
2.5619335174560547
2.543280601501465
2.5543155670166016
2.5601987838745117
2.5536139011383057
2.5622458457946777
2.5539183616638184
2.5457887649536133
2.562269687652588
2.544281005859375
2.55131196975708
2.5502028465270996
2.632889747619629
2.54682993888855
2.552572011947632
2.5471763610839844
2.552597999572754
2.5488438606262207
2.5511534214019775
2.54911470413208
2.554349660873413
2.5565783977508545
2.5395421981811523
2.56912899017334
2.5174896717071533
2.5481793880462646
2.555248498916626
2.5494186878204346
2.550288677215576
2.5465354919433594
2.551278829574585
2.5654680728912354
2.5506174564361572
2.5574755668640137
2.5669450759887695
2.6022822856903076
2.59903883934021
2.548633337020874
2.549484968185425
2.558507204055786
2.5612893104553223
2.5474603176116943
2.6275057792663574
2.553053140640259
2.5561506748199463
2.5572898387908936
2.5313243865966797
2.5862936973571777
2.5481481552124023
2.5558860301971436
2.5528085231781006
2.5656373500823975
2.5470972061157227
2.554938316345215
2.5693397521972656
2.5521912574768066
2.5548884868621826
2.549093246459961
2.643969774246216
2.7684242725372314
2.6792261600494385
2.711742401123047
2.6892192363739014
2.6902074813842773
2.6903159618377686
2.693474054336548
2.688645839691162
2.6923723220825195
2.686004161834717
2.688344717025757
2.8352479934692383
2.7517757415771484
2.686858892440796
