0 0.6252941514764513 79.93142857142857
1 0.35230278391923225 87.85285714285715
2 0.27235836369650707 90.82000000000001
3 0.22058911772710937 92.64428571428572
4 0.1881139648971813 93.86714285714287
5 0.16592554440455778 94.57714285714286
6 0.14878590375717196 95.15142857142858
7 0.13463175973721914 95.62428571428572
8 0.12570619685043183 95.88142857142857
9 0.11590466708743147 96.17428571428572
10 0.11054742414770381 96.37
11 0.10405447331656302 96.61857142857143
12 0.09834749983889716 96.82142857142857
13 0.08993761397366012 97.13142857142857
14 0.0887721728240805 97.07857142857142
15 0.0829764055034944 97.31
16 0.08052993090690247 97.39714285714285
17 0.07781964788479465 97.46142857142857
18 0.07582369249047978 97.58857142857143
19 0.07058954112763915 97.71285714285715
20 0.06839801069216005 97.82
21 0.06585720770327108 97.87857142857142
22 0.06588990859022098 97.86857142857143
23 0.06244496220988887 97.94428571428571
24 0.060666111981762305 98.05714285714285
25 0.05848487014150513 98.06142857142856
26 0.05694168356646385 98.19428571428571
27 0.05726800105401448 98.13142857142857
28 0.0542059812388782 98.24000000000001
29 0.05387004032930625 98.28142857142858
30 0.05191345394855099 98.32
31 0.05189446674127664 98.28571428571429
32 0.049570765430107716 98.4042857142857
33 0.04892510058957019 98.43142857142857
34 0.046697204234078526 98.50714285714287
35 0.04599903452176867 98.5142857142857
36 0.04757302087864705 98.45285714285714
37 0.04567789827473462 98.53857142857143
38 0.04476246132149494 98.57571428571428
39 0.0448263238729643 98.51714285714286
40 0.04275246221239545 98.63428571428572
41 0.04096336402897058 98.68142857142857
42 0.04090122088590371 98.71
43 0.04091657886215087 98.69142857142857
44 0.040108655755674204 98.70571428571428
45 0.04071023761627397 98.66
46 0.03858810787654615 98.7657142857143
47 0.03821188531217298 98.79571428571428
48 0.03724958895073671 98.78142857142858
49 0.03668778838356957 98.83714285714285
50 0.03557279515279723 98.86714285714285
51 0.03638635004604501 98.87
52 0.03460852071642875 98.88
53 0.03603855639696121 98.82857142857144
54 0.035206202156841754 98.85428571428572
55 0.034029739449532435 98.88285714285713
56 0.03399534329073504 98.88571428571429
57 0.03270497650706342 98.95285714285714
58 0.03306591043381819 98.95285714285714
59 0.03196424826513976 98.97428571428571
60 0.03215915026708639 98.95857142857143
61 0.031026737623781497 98.99714285714286
62 0.031761598389795316 98.91428571428571
63 0.030697208301363778 99.02
64 0.029493886163857366 99.04142857142857
65 0.029990328666920373 99.04714285714286
66 0.030222410770698583 99.01142857142857
67 0.02988854744305302 99.05571428571427
68 0.02897348069236614 99.09285714285714
69 0.02943089094212545 99.03714285714285
70 0.027400053853135823 99.10714285714286
71 0.02758321045565286 99.12571428571428
72 0.028673239089881203 99.12571428571428
73 0.02772828301996924 99.09285714285714
74 0.02729234582395293 99.11571428571429
75 0.027149734692648052 99.10857142857142
76 0.026869703165388534 99.16571428571429
77 0.025421273686390904 99.20285714285714
78 0.02631724049486885 99.17571428571429
79 0.025684620514345755 99.20857142857142
80 0.025564444909936614 99.16714285714285
81 0.02507580331842681 99.20428571428572
82 0.025433384513183097 99.24
83 0.025457620588463865 99.19285714285714
84 0.025172197419035782 99.21571428571428
85 0.025139155055762134 99.20857142857142
86 0.024679527134701076 99.21428571428571
87 0.02564572439379325 99.16714285714285
88 0.023800627677701414 99.24285714285715
89 0.02540489436858999 99.19571428571429
90 0.023534980698521914 99.23428571428572
91 0.02351690642219702 99.22857142857143
92 0.023817986065322268 99.24
93 0.023557019137078895 99.26142857142857
94 0.022233995664781625 99.29571428571428
95 0.02334459527179466 99.23285714285714
96 0.023314243145619654 99.27714285714285
97 0.021703728221057515 99.32285714285715
98 0.02199771208738509 99.28571428571429
99 0.02214300704122122 99.2942857142857
100 0.021660005864520958 99.33
101 0.020986514636814328 99.31
102 0.022558188188954123 99.26428571428572
103 0.021263241066896754 99.29857142857142
104 0.02114662618101907 99.33428571428571
105 0.021912324482940934 99.29
106 0.02052634225958692 99.35285714285715
107 0.020461682972132363 99.37714285714286
108 0.02095311033822197 99.33857142857143
109 0.020521977052641367 99.34571428571428
110 0.02032185672665946 99.34571428571428
111 0.02041517625396539 99.35571428571428
112 0.019544839974426267 99.3757142857143
113 0.020955686313432774 99.32571428571428
114 0.02043618862824847 99.38571428571429
115 0.02000323933366287 99.34285714285714
116 0.020102552451259855 99.36428571428571
117 0.01918742681587381 99.39571428571429
118 0.019099099045935354 99.42142857142858
119 0.019330116440043118 99.4042857142857
120 0.01927643109853047 99.40857142857142
121 0.01955240480352326 99.38285714285713
122 0.019801807407846875 99.38857142857142
123 0.018332480981563485 99.43285714285715
124 0.01832186108039293 99.41
125 0.017569040427084213 99.47142857142856
126 0.018834769826831427 99.38714285714285
127 0.01829959251377399 99.43285714285715
128 0.018075491206088503 99.4042857142857
129 0.017311267390364916 99.45428571428572
130 0.017900105280776707 99.43428571428572
131 0.017799736395328572 99.42
132 0.01804384901337991 99.43857142857144
133 0.017339304192823226 99.46428571428572
134 0.017084816157377124 99.45571428571428
135 0.017931241216138004 99.45714285714286
136 0.01700644110462495 99.46000000000001
137 0.017224949173230145 99.46142857142857
138 0.016613835231816795 99.49428571428571
139 0.018255678038029667 99.43428571428572
140 0.02110931628865988 99.36428571428571
141 0.01690960498742892 99.45571428571428
142 0.01706420916698075 99.49285714285713
143 0.01694302399285204 99.45428571428572
144 0.017993703113752417 99.40714285714286
145 0.016326483441433604 99.47571428571429
146 0.017007112577391258 99.49428571428571
147 0.016592408876333918 99.45142857142856
148 0.01582644822641409 99.52142857142857
149 0.016473875298563923 99.48857142857143
150 0.01525932520378514 99.53999999999999
151 0.01678632949104732 99.46571428571428
152 0.01638474645217814 99.49
153 0.015696187427841193 99.49142857142857
154 0.01528249102835876 99.53857142857143
155 0.015426914451028487 99.50857142857143
156 0.015327438353602441 99.52571428571429
157 0.015464008685168146 99.54142857142857
158 0.014865193365507626 99.53857142857143
159 0.015158185472786759 99.54571428571428
160 0.015692208393260704 99.50428571428571
161 0.014768614262741592 99.56285714285714
162 0.01524542085934497 99.51142857142857
163 0.015189518039114773 99.53999999999999
164 0.01476170839475734 99.53999999999999
165 0.015059851227561013 99.52714285714286
166 0.014335911466623656 99.5657142857143
167 0.014950910497406896 99.51
168 0.015096131200137149 99.52428571428571
169 0.015080937957640605 99.53857142857143
170 0.014929831763563146 99.52857142857144
171 0.014474417440609873 99.55000000000001
172 0.015042668909882196 99.53285714285714
173 0.014198387248117277 99.56285714285714
174 0.01478611183465026 99.55714285714285
175 0.014085738218439343 99.56
176 0.014041960964844164 99.5657142857143
177 0.01413772074663679 99.54857142857144
178 0.014111758271964 99.53714285714285
179 0.013978845185317498 99.56
180 0.013446365956666081 99.57142857142857
181 0.013953384798951448 99.55428571428571
182 0.01368216577010961 99.5957142857143
183 0.014619912506646609 99.55285714285715
184 0.013627187458000014 99.58714285714285
185 0.014004358854144812 99.57000000000001
186 0.013365056893630286 99.57714285714286
187 0.01307141620499481 99.58714285714285
188 0.013377952909213491 99.55000000000001
189 0.012946207810143408 99.6
190 0.013738353383128664 99.57714285714286
191 0.013385522038692475 99.57000000000001
192 0.014619129540556709 99.55142857142857
193 0.013531337061223375 99.55142857142857
194 0.012768719816646937 99.59285714285714
195 0.01302350681707529 99.60714285714286
196 0.012918357300181274 99.60285714285713
197 0.013736622133250682 99.57142857142857
198 0.012601641711413062 99.59142857142858
199 0.013323647708748467 99.58
