0 3.7520801884787423 29.414285714285715
1 3.0243461302348544 36.285714285714285
2 2.2560877612658907 36.285714285714285
3 1.8730465974126542 38.3
4 1.6944276639393399 43.27142857142857
5 1.6063235691615514 47.74285714285714
6 1.539204832485744 50.75714285714285
7 1.4790842839649745 53.5
8 1.4215464353561402 55.08571428571428
9 1.3601748023714337 57.214285714285715
10 1.306402575969696 59.4
11 1.2559210419654847 61.25714285714285
12 1.2119898123400552 64.05714285714285
13 1.172045282806669 65.4
14 1.1302011958190372 67.48571428571428
15 1.095913267987115 68.48571428571428
16 1.0641953136239732 69.05714285714286
17 1.0410396695137023 69.64285714285714
18 1.0140981708254133 70.68571428571428
19 0.991504601921354 70.81428571428572
20 0.9702738046646118 71.25714285714285
21 0.9474192321300506 72.07142857142857
22 0.9273267711911882 72.27142857142857
23 0.913588798046112 72.58571428571429
24 0.8942735510213035 72.97142857142858
25 0.8810584911278316 72.94285714285714
26 0.8680815807410649 73.58571428571429
27 0.8547594342912946 73.77142857142857
28 0.8449535020760127 73.57142857142858
29 0.8309832555907113 74.1
30 0.8163532444408962 74.5142857142857
31 0.8053051727158683 74.24285714285715
32 0.7985463993889945 74.37142857142857
33 0.7858128096376147 74.7
34 0.7725903757980892 75.27142857142857
35 0.7624795079231262 74.9
36 0.7533284280981336 75.32857142857144
37 0.7426689309733254 75.28571428571429
38 0.7344944655895234 75.84285714285714
39 0.7253139206341335 76.02857142857142
40 0.7175006742988314 76.24285714285715
41 0.7024082039083753 76.37142857142857
42 0.6992652948413577 76.38571428571429
43 0.693761916245733 76.75714285714285
44 0.6779566241162164 77.1857142857143
45 0.6734118214675359 77.52857142857142
46 0.663622481908117 77.21428571428571
47 0.6577334250722613 77.52857142857142
48 0.6506017220871789 77.87142857142857
49 0.6376412251165935 78.2
50 0.6405700704881123 78.05714285714286
51 0.6242323466709682 78.62857142857142
52 0.6206982978752681 78.55714285714286
53 0.6184152113539833 78.75714285714285
54 0.6099623501300812 78.98571428571428
55 0.6068723418882915 79.12857142857142
56 0.6003806654896054 79.41428571428571
57 0.5918396260057177 80.22857142857143
58 0.5868984797171184 79.9
59 0.580546800153596 79.57142857142857
60 0.5799571858985083 80.30000000000001
61 0.5750470774514335 79.91428571428571
62 0.5668297618627548 80.65714285714286
63 0.5709943716015135 80.87142857142857
64 0.558352399298123 81.24285714285713
65 0.5517463369028909 81.01428571428572
66 0.5448908294950213 81.2
67 0.5449638996805464 81.31428571428572
68 0.5412368148565292 81.51428571428572
69 0.5324678459337779 81.87142857142857
70 0.5332470319100788 81.45714285714286
71 0.5296583362988063 81.71428571428572
72 0.5205415355307715 82.1
73 0.5236078185694558 81.57142857142857
74 0.5129754739148277 82.32857142857142
75 0.5093978711536953 82.45714285714286
76 0.5059746844427926 82.61428571428571
77 0.5062206796237401 82.57142857142857
78 0.5015486317021506 82.47142857142858
79 0.4977535950286048 82.72857142857143
80 0.4975824969155448 82.88571428571429
81 0.491511430484908 82.78571428571428
82 0.48860765780721394 83.2
83 0.48025939336844853 83.14285714285714
84 0.4806893842560904 82.91428571428571
85 0.4761877966778619 83.78571428571429
86 0.4710811653307506 83.84285714285714
87 0.46766666642257143 83.85714285714285
88 0.4611588039568492 84.47142857142858
89 0.4610734611749649 84.41428571428573
90 0.45355046008314404 84.54285714285714
91 0.4511320914540972 84.52857142857142
92 0.44819679175104415 84.62857142857143
93 0.4466771411044257 84.45714285714286
94 0.44600885936192103 84.58571428571429
95 0.44313891870634897 84.41428571428573
96 0.43542988023587637 85.08571428571429
97 0.4386485419103077 84.62857142857143
98 0.4361563410077776 85.17142857142858
99 0.43370730110577177 85.17142857142858
100 0.42777176116194043 85.47142857142858
101 0.4211049863270351 85.47142857142858
102 0.4203839361667633 85.35714285714285
103 0.42011829614639284 85.14285714285714
104 0.4123724852289472 86.0142857142857
105 0.41553278735705784 85.62857142857143
106 0.4078037577016013 85.7
107 0.4070575541683606 86.02857142857144
108 0.41026736412729536 85.3
109 0.40448392629623414 85.62857142857143
110 0.39905775700296675 85.97142857142858
111 0.3969672411680222 86.4
112 0.40030577821390967 85.85714285714286
113 0.3882087081670761 86.41428571428571
114 0.38641299094472614 86.41428571428571
115 0.3823269637567656 86.65714285714286
116 0.38245036048548564 86.54285714285714
117 0.38477949798107147 86.24285714285715
118 0.37725556790828707 86.68571428571428
119 0.37606759199074336 86.64285714285714
120 0.3780627757310867 86.5142857142857
121 0.3732567438057491 87.07142857142857
122 0.368176620560033 86.78571428571429
123 0.37134054814066203 86.62857142857143
124 0.36512593307665414 87.35714285714286
125 0.3626925691962242 87.31428571428572
126 0.35779033856732506 87.6
127 0.35812596934182306 87.65714285714286
128 0.35895984300545286 87.1
129 0.36075193605252676 87.42857142857143
130 0.35313037506171635 87.4857142857143
131 0.34934516165937696 87.94285714285715
132 0.3473339904631887 88.2
133 0.34380381256341935 88.1
134 0.3414185219577381 88.38571428571429
135 0.34102000359977996 88.5
136 0.34093907432896753 88.27142857142857
137 0.3293178102799824 88.37142857142857
138 0.33372440976755957 88.62857142857142
139 0.33074071002858024 88.3
140 0.3288980986390795 88.5142857142857
141 0.3276360490492412 88.52857142857142
142 0.32432196459599905 88.8
143 0.32670101821422576 88.47142857142856
144 0.3230677774974278 89.2
145 0.32014757777963365 89.0142857142857
146 0.31778273305722643 89.22857142857143
147 0.3145552867225238 89.1
148 0.30968954669577736 89.6857142857143
149 0.30831980385950636 89.54285714285714
150 0.3124421811529568 89.08571428571429
151 0.3033617773226329 89.57142857142857
152 0.3071483993104526 89.3
153 0.3032409695642335 89.57142857142857
154 0.3027922381247793 89.64285714285715
155 0.30082691716296334 89.61428571428571
156 0.29943920778376715 90.15714285714286
157 0.2949505878346307 89.78571428571429
158 0.28993745424917766 90.31428571428572
159 0.2908429801464081 90.14285714285715
160 0.2930461625967707 89.82857142857142
161 0.2835377620799201 90.4
162 0.2838762027876718 90.37142857142857
163 0.2836579757077353 90.25714285714285
164 0.28384497995887487 90.21428571428571
165 0.2788430756756238 90.55714285714286
166 0.27892730789525166 90.60000000000001
167 0.2779433601668903 90.60000000000001
168 0.2757250662360873 90.84285714285714
169 0.2752266832760402 90.68571428571428
170 0.2700916330729212 90.78571428571428
171 0.2704885706305504 90.61428571428571
172 0.26538312371288025 91.08571428571427
173 0.2710635114993368 90.77142857142857
174 0.26632567537682394 90.81428571428572
175 0.26584246775933673 90.62857142857142
176 0.2625076023595674 90.81428571428572
177 0.2612334421702794 91.14285714285715
178 0.25908244337354386 91.24285714285715
179 0.2576240471431187 91.58571428571427
180 0.2552592266883169 91.32857142857142
181 0.2542932052697454 91.17142857142856
182 0.2539481922984123 91.48571428571428
183 0.25404712994183815 91.42857142857143
184 0.24362057085548128 92.18571428571428
185 0.2471954100898334 91.65714285714286
186 0.24979157075285913 91.54285714285714
187 0.24568683973380498 91.78571428571428
188 0.24759772760527474 91.51428571428572
189 0.24078767895698547 92.12857142857143
190 0.24288662310157502 91.8
191 0.2439754007118089 91.54285714285714
192 0.23897044818316188 92.14285714285714
193 0.23157860253538404 92.48571428571428
194 0.25257852247783114 91.88571428571429
195 0.23432626575231552 92.44285714285714
196 0.2504263851259436 91.48571428571428
197 0.2372716430042471 92.07142857142857
198 0.2289783623601709 92.44285714285714
199 0.22219859691602842 92.7
