0.25096917152404785
0.24823451042175293
0.24382686614990234
0.24297118186950684
0.24170756340026855
0.24218988418579102
0.24641704559326172
0.24228119850158691
0.24760007858276367
0.24553966522216797
0.2437424659729004
0.24262118339538574
0.24128007888793945
0.25237131118774414
0.24451494216918945
0.24285197257995605
0.24869608879089355
0.2423088550567627
0.2443404197692871
0.24375653266906738
0.2511484622955322
0.24104571342468262
0.24814367294311523
0.2428874969482422
0.2417283058166504
0.24434494972229004
0.2431015968322754
0.2456667423248291
0.25774550437927246
0.24357104301452637
0.2445223331451416
0.24273037910461426
0.2449169158935547
0.25132083892822266
0.24700689315795898
0.24262571334838867
0.2503213882446289
0.24281692504882812
0.2420518398284912
0.2420639991760254
0.24683070182800293
0.24155879020690918
0.24460530281066895
0.24435758590698242
0.2445993423461914
0.24301838874816895
0.24637436866760254
0.24405312538146973
0.2449491024017334
0.24524903297424316
0.2443370819091797
0.2464141845703125
0.24455547332763672
0.24216794967651367
0.2448289394378662
0.2441871166229248
0.24288511276245117
0.24459457397460938
0.24024581909179688
0.24152159690856934
0.24357366561889648
0.24522924423217773
0.24886369705200195
0.2420666217803955
0.24486613273620605
0.23219943046569824
0.2772555351257324
0.24857735633850098
0.24471306800842285
0.2462477684020996
0.24864792823791504
0.2488090991973877
0.24715495109558105
0.24784040451049805
0.2543003559112549
0.281419038772583
0.24724864959716797
0.24544382095336914
0.2489171028137207
0.24880433082580566
0.24097704887390137
0.24985027313232422
0.24454712867736816
0.24094939231872559
0.24385333061218262
0.26914215087890625
0.24582171440124512
0.24802851676940918
0.2427523136138916
0.24466228485107422
0.23894309997558594
0.24010491371154785
0.25373053550720215
0.2750372886657715
0.2607710361480713
0.25814270973205566
0.26242899894714355
0.2558584213256836
0.2618556022644043
0.26880621910095215
0.2594187259674072
0.2593090534210205
0.2606382369995117
0.2577791213989258
0.259493350982666
0.26326942443847656
0.2541334629058838
0.2571675777435303
0.26158905029296875
0.2531893253326416
0.255779504776001
0.2454822063446045
0.24344253540039062
0.24732708930969238
0.24956250190734863
0.2486560344696045
0.24646449089050293
0.24555540084838867
0.26153111457824707
0.24387478828430176
0.2465202808380127
0.2486279010772705
0.24828791618347168
0.2459275722503662
0.2530503273010254
0.3091394901275635
0.26199865341186523
0.2554924488067627
0.24895811080932617
0.25911641120910645
0.24669218063354492
0.24355316162109375
0.25337886810302734
0.2517688274383545
0.2464303970336914
0.24668526649475098
0.2467348575592041
0.24753856658935547
0.2459726333618164
0.24744057655334473
0.24797725677490234
0.25144124031066895
0.25505828857421875
0.2463240623474121
0.24776744842529297
0.24211525917053223
0.24582529067993164
0.2413928508758545
0.24988913536071777
0.24353575706481934
0.2430253028869629
0.24521470069885254
0.2456648349761963
0.24735569953918457
0.25641798973083496
0.2609751224517822
0.2565624713897705
0.2696857452392578
0.23812341690063477
0.24725723266601562
0.2458508014678955
0.24590849876403809
0.24615120887756348
0.24457025527954102
0.24607491493225098
0.24391984939575195
0.24935483932495117
0.24096322059631348
0.24794387817382812
0.2454679012298584
0.23888111114501953
0.23798656463623047
0.23578476905822754
0.23990440368652344
0.2388002872467041
0.24183893203735352
0.23658275604248047
0.23578596115112305
0.23871397972106934
0.23834562301635742
0.24294781684875488
0.24244284629821777
0.2402350902557373
0.24262166023254395
0.23958849906921387
0.23868894577026367
0.2507772445678711
0.24057769775390625
0.24005937576293945
0.23795056343078613
0.23737144470214844
0.24615740776062012
0.24713349342346191
0.24303603172302246
0.24350237846374512
0.243727445602417
0.2498016357421875
0.24521946907043457
0.2442469596862793
0.2498645782470703
