0.24433350563049316
0.23948240280151367
0.23480582237243652
0.23057055473327637
0.23039674758911133
0.23091459274291992
0.23525643348693848
0.23713302612304688
0.2389826774597168
0.2392561435699463
0.23391199111938477
0.23058176040649414
0.2352619171142578
0.24359464645385742
0.23920392990112305
0.2385704517364502
0.23929309844970703
0.2410414218902588
0.23778653144836426
0.23838043212890625
0.241987943649292
0.2318103313446045
0.23102068901062012
0.2379131317138672
0.23596692085266113
0.2383718490600586
0.2408459186553955
0.23399019241333008
0.22947311401367188
0.2288355827331543
0.2306215763092041
0.23117661476135254
0.23583221435546875
0.2472853660583496
0.23992037773132324
0.23937153816223145
0.24200654029846191
0.24694395065307617
0.2561476230621338
0.262087345123291
0.26812148094177246
0.27114009857177734
0.2633695602416992
0.2484145164489746
0.24731826782226562
0.24412083625793457
0.2426912784576416
0.2399139404296875
0.26260900497436523
0.2700977325439453
0.24914836883544922
0.24287056922912598
0.24144887924194336
0.24346566200256348
0.24606966972351074
0.24263954162597656
0.2398519515991211
0.23909831047058105
0.2568013668060303
0.2688777446746826
0.26325225830078125
0.252255916595459
0.23952913284301758
0.2437117099761963
0.24156713485717773
0.24593138694763184
0.24011898040771484
0.2389085292816162
0.26990413665771484
0.25867533683776855
0.2550201416015625
0.2559683322906494
0.25492334365844727
0.25228190422058105
0.2623283863067627
0.25534629821777344
0.24173927307128906
0.24085474014282227
0.2530176639556885
0.26793694496154785
0.26511669158935547
0.26219940185546875
0.251636266708374
0.23936176300048828
0.24085021018981934
0.23963308334350586
0.24128270149230957
0.24094343185424805
0.23907685279846191
0.24252104759216309
0.23940658569335938
0.25099611282348633
0.23906660079956055
0.23891139030456543
0.24011445045471191
0.24304842948913574
0.2418959140777588
0.25127267837524414
0.26599764823913574
0.23848724365234375
0.23978829383850098
0.24382829666137695
0.24113774299621582
0.2424602508544922
0.2419447898864746
0.24186277389526367
0.2393026351928711
0.2403883934020996
0.24035358428955078
0.23869657516479492
0.2400519847869873
0.24184179306030273
0.23901748657226562
0.23936176300048828
0.24288439750671387
0.23882222175598145
0.2406940460205078
0.2394862174987793
0.2407548427581787
0.24095511436462402
0.2409818172454834
0.24189305305480957
0.24181795120239258
0.23953580856323242
0.24231576919555664
0.23977351188659668
0.24022483825683594
0.24090170860290527
0.23953628540039062
0.24256515502929688
0.23984241485595703
0.25191402435302734
0.24054789543151855
0.2402968406677246
0.2387712001800537
0.23927617073059082
0.24027156829833984
0.24029326438903809
0.23929262161254883
0.23973464965820312
0.23827886581420898
0.23913812637329102
0.23959922790527344
0.2407076358795166
0.23902297019958496
0.23967766761779785
0.239210844039917
0.24097037315368652
0.24007797241210938
0.2420945167541504
0.23794245719909668
0.2397000789642334
0.23920178413391113
0.2393648624420166
0.23895764350891113
0.23903799057006836
0.23895502090454102
0.24414920806884766
0.23972630500793457
0.2401580810546875
0.23933959007263184
0.24015092849731445
0.23952531814575195
0.23971939086914062
0.23902153968811035
0.2402515411376953
0.23981189727783203
0.2386465072631836
0.23981618881225586
0.2396705150604248
0.24069619178771973
0.2398698329925537
0.2399275302886963
0.23959732055664062
0.23961734771728516
0.2409837245941162
0.23926973342895508
0.23976826667785645
0.24112153053283691
0.24164867401123047
0.24129676818847656
0.2430427074432373
0.23854613304138184
0.23853445053100586
0.24134230613708496
0.2399749755859375
0.2425365447998047
0.23780393600463867
0.23904967308044434
0.2413182258605957
0.23772096633911133
0.2383720874786377
0.24212908744812012
0.23851609230041504
0.23903465270996094
0.2373340129852295
0.2378993034362793
0.2443375587463379
0.24033427238464355
0.2383592128753662
