0 2.514131726537432 37.528571428571425
1 1.3193780549934933 59.91428571428571
2 1.0100340826170786 70.75714285714285
3 0.8713533469608852 73.4857142857143
4 0.769020118032183 74.82857142857144
5 0.6900266310998372 76.52857142857142
6 0.6348244113581522 78.44285714285715
7 0.5907060606139046 79.87142857142857
8 0.5524696784360068 80.67142857142858
9 0.5256056985684804 81.98571428571428
10 0.500323298573494 82.82857142857142
11 0.4766448910747256 83.65714285714286
12 0.4439293052468981 84.55714285714285
13 0.448044673034123 84.08571428571429
14 0.41246140812124527 85.22857142857143
15 0.39811621265751973 85.87142857142858
16 0.3758369166936193 86.38571428571429
17 0.3581169792584011 87.4
18 0.3543447283761842 86.75714285714285
19 0.3271559774875641 88.3
20 0.33872844236237665 87.81428571428572
21 0.32833001017570496 88.04285714285714
22 0.31703667172363825 88.7
23 0.2845641483153616 89.9
24 0.31981524697371894 88.14285714285714
25 0.3156347189630781 88.78571428571429
26 0.2683963762862342 90.57142857142857
27 0.2732489560331617 90.14285714285715
28 0.30396401307412557 89.2
29 0.25392048848526816 90.65714285714286
30 0.23774133239473616 91.57142857142857
31 0.25435647474867956 91.37142857142857
32 0.2085588328540325 92.7
33 0.23972075613481658 91.41428571428571
34 0.2466306308550494 91.3
35 0.19990628212690353 93.25714285714287
36 0.24249486114297594 92.28571428571428
37 0.22162931667906896 92.18571428571428
38 0.18498750424810817 93.51428571428572
39 0.18155784010887147 93.88571428571429
40 0.17384492733648846 94.11428571428571
41 0.19293399676680564 93.22857142857143
42 0.1910893837256091 93.10000000000001
43 0.1946965063256877 93.30000000000001
44 0.18727166652679444 93.60000000000001
45 0.16751520186662675 94.17142857142858
46 0.16842048327837672 94.72857142857143
47 0.18948115993823325 93.7
48 0.1433894865747009 94.95714285714286
49 0.1517542416495936 94.72857142857143
50 0.16554820926061697 94.1
51 0.16432260439864227 93.81428571428572
52 0.18655478007027082 93.28571428571428
53 0.16798417706574711 94.04285714285714
54 0.1459945893713406 94.92857142857143
55 0.14390845336019992 95.01428571428572
56 0.17114601518426623 93.97142857142858
57 0.14322801157832146 95.39999999999999
58 0.12045740107340472 95.98571428571428
59 0.16304186885910374 94.42857142857143
60 0.1155620734074286 96.31428571428572
61 0.16634404467684882 94.3
62 0.11808437875338963 96.01428571428572
63 0.1571974308363029 94.94285714285714
64 0.11845217421650886 96.07142857142857
65 0.11765585600265435 95.94285714285714
66 0.14918623667742525 94.58571428571429
67 0.09362306722572872 96.91428571428573
68 0.09137726894446782 96.91428571428573
69 0.11328687729047877 96.14285714285714
70 0.09363676881683725 96.74285714285715
71 0.10663918823535953 96.55714285714285
72 0.1129698027989694 96.15714285714286
73 0.18542625680565833 93.44285714285714
74 0.10051891005464962 96.51428571428572
75 0.09396088008901902 96.95714285714286
76 0.09017822934048517 97.07142857142857
77 0.12134120309991496 95.74285714285715
78 0.10958208723792008 96.28571428571429
79 0.11454409142690046 96.08571428571429
80 0.08315711872918265 97.24285714285715
81 0.07314354271761009 97.67142857142858
82 0.09266232983874423 96.94285714285714
83 0.11091411555452006 96.08571428571429
84 0.09607896259320634 96.65714285714286
85 0.1287274186366371 95.54285714285714
86 0.08519307786066617 97.25714285714285
87 0.11678926433835711 96.05714285714285
88 0.07130790254367249 97.7
89 0.11266820670238563 96.14285714285714
90 0.14991288190441474 95.17142857142858
91 0.11705947584871734 96.08571428571429
92 0.14089110727821078 95.32857142857142
93 0.07970708861414876 97.42857142857143
94 0.09584249816834926 96.61428571428571
95 0.08196861922208752 97.05714285714285
96 0.10151051690003701 96.77142857142857
97 0.08387916694794383 97.11428571428571
98 0.10348366538860969 96.22857142857143
99 0.07857697999903134 97.5
100 0.06227182350786669 97.84285714285714
101 0.09882453113262142 96.68571428571428
102 0.08502004125288555 97.04285714285714
103 0.09647031261452607 96.54285714285714
104 0.086343288315194 96.95714285714286
105 0.07885376393262829 97.38571428571429
106 0.07084831779024431 97.57142857142857
107 0.08414873579250914 97.1
108 0.09014910917196955 96.81428571428572
109 0.056607709652079 98.28571428571429
110 0.08304223178752831 97.05714285714285
111 0.09129626785538027 96.75714285714285
112 0.08458551216338361 97.25714285714285
113 0.09489300165857588 96.52857142857142
114 0.07470172114138092 97.65714285714286
115 0.05499095006712845 98.3
116 0.06353477714583278 97.91428571428571
117 0.05964055008121899 98.1
118 0.06146234047732183 98.22857142857143
119 0.06648049487599304 97.74285714285715
120 0.07367134361660906 97.62857142857143
121 0.0804139425179788 97.28571428571429
122 0.07129822104637112 97.55714285714285
123 0.07292635822668672 97.6
124 0.056792205798306634 98.24285714285715
125 0.06121411823800632 97.91428571428571
126 0.0688265864870378 97.82857142857144
127 0.06303456748968789 98.12857142857143
128 0.09056959378400019 97.07142857142857
129 0.04711416683026722 98.47142857142858
130 0.07502981445619038 97.32857142857144
131 0.08608581918690886 97.11428571428571
132 0.06653712479663747 97.77142857142857
133 0.04832549514248967 98.47142857142858
134 0.06665887868564044 97.64285714285714
135 0.04303022317721376 98.65714285714286
136 0.044799067386026896 98.47142857142858
137 0.0794945314659604 97.12857142857143
138 0.053807413637904186 98.18571428571428
139 0.0441828930351351 98.61428571428571
140 0.05341648987627455 98.21428571428571
141 0.08015655883188759 97.2
142 0.05669995212395276 98.14285714285714
143 0.04219168181131993 98.57142857142858
144 0.03869496595247516 98.75714285714285
145 0.06591019881889223 97.89999999999999
146 0.046496776744191136 98.5
147 0.03689359399223966 98.95714285714286
148 0.07725851119362882 97.47142857142858
149 0.08354320204151529 97.01428571428572
150 0.0708168520459107 97.77142857142857
151 0.07387397597277803 97.52857142857142
152 0.045281139076022166 98.55714285714285
153 0.044762728862198335 98.65714285714286
154 0.08189317158290318 97.17142857142858
155 0.03823625400795468 98.9
156 0.11293773782838668 96.78571428571429
157 0.07439068402828915 97.57142857142857
158 0.0533519305887499 98.15714285714286
159 0.043258621304162914 98.58571428571429
160 0.06363229464207376 97.94285714285714
161 0.07650958501866885 97.27142857142857
162 0.06103580248142992 98.12857142857143
163 0.09881313326768577 96.91428571428573
164 0.059622385991471155 97.98571428571428
165 0.07084422974980303 97.37142857142858
166 0.06502080469259194 97.57142857142857
167 0.03595849060054336 98.9
168 0.11911761120094784 96.25714285714285
169 0.08462465793958732 97.07142857142857
170 0.037690169224515555 98.8
171 0.03915047447995416 98.8
172 0.05745567365416459 98.05714285714285
173 0.04255723514194999 98.7
174 0.033527398348918984 98.82857142857144
175 0.04152343678288162 98.61428571428571
176 0.031809233371833605 99.1
177 0.030944029467978647 99.02857142857144
178 0.034387225438175455 98.91428571428571
179 0.032699741290083954 99.17142857142856
180 0.04962125472458345 98.45714285714286
181 0.05962898442521691 97.94285714285714
182 0.04733762462357325 98.3
183 0.03379438602631646 98.95714285714286
184 0.041414461777146375 98.77142857142857
185 0.08165213771696601 97.2
186 0.048349903121457566 98.35714285714286
187 0.0418114310130477 98.78571428571429
188 0.037822232867724126 98.87142857142858
189 0.03741831509396434 98.81428571428572
190 0.03308227797970176 99.02857142857144
191 0.04600079923069903 98.38571428571429
192 0.032254501804709436 98.91428571428571
193 0.02527903262525797 99.27142857142857
194 0.044106080529413054 98.85714285714286
195 0.06217558780418975 98.08571428571429
196 0.03158041953242251 99.02857142857144
197 0.04802650561822312 98.47142857142858
198 0.0761504488464977 97.22857142857143
199 0.037624929279887254 98.77142857142857
