0 2.4407017844063894 38.25714285714285
1 1.289984667301178 60.92857142857143
2 0.9879018545150757 71.12857142857143
3 0.855551940202713 73.45714285714286
4 0.7495609445231302 75.71428571428571
5 0.6744683521134512 77.17142857142856
6 0.619296019417899 79.35714285714286
7 0.568913585799081 80.2
8 0.5338736717190061 81.77142857142857
9 0.5009640003953661 83.07142857142857
10 0.4852752153362547 83.58571428571429
11 0.44526929940496174 84.92857142857143
12 0.42867971658706666 85.18571428571428
13 0.4221230189715113 85.5142857142857
14 0.3869686292750495 86.25714285714285
15 0.3663659268191883 87.61428571428571
16 0.3545741692185402 87.5
17 0.33185398216758455 88.35714285714286
18 0.3368472131235259 87.6
19 0.30444722516196115 89.2
20 0.2889050820044109 89.72857142857143
21 0.29456173117671697 89.12857142857142
22 0.27338476330041883 90.60000000000001
23 0.25807493861232483 91.10000000000001
24 0.26235332574163167 91.02857142857142
25 0.2538073491837297 91.01428571428572
26 0.2401845249746527 91.42857142857143
27 0.22965372140918458 91.92857142857143
28 0.21757853542055403 92.21428571428572
29 0.22725996247359684 92.32857142857142
30 0.2722553181861128 92.28571428571428
31 0.23446162971002715 92.81428571428572
32 0.20936538843171937 92.82857142857142
33 0.19432074108294078 93.54285714285714
34 0.19113654590078763 93.75714285714287
35 0.18253736197948456 93.8
36 0.16966403515211173 94.24285714285713
37 0.19310286790132522 93.27142857142857
38 0.18187361998217447 93.91428571428571
39 0.1886356566633497 94.05714285714286
40 0.20262373441032 93.5
41 0.20124224126338958 93.11428571428571
42 0.15584908010704177 94.91428571428571
43 0.1645277696528605 94.97142857142858
44 0.16167112972055162 94.58571428571429
45 0.14686106187956674 95.25714285714287
46 0.13491118933473314 95.57142857142857
47 0.15997088602078813 94.67142857142858
48 0.12834773824683257 95.7
49 0.13057774331952846 95.65714285714286
50 0.19331459919256824 94.15714285714286
51 0.13225697119321142 95.55714285714285
52 0.1378219671547413 95.47142857142858
53 0.12157808989286423 96.2
54 0.10703383912997587 96.71428571428572
55 0.16604123647723878 94.72857142857143
56 0.10388329124876432 96.84285714285714
57 0.11745961883238383 95.89999999999999
58 0.11025324570281166 96.58571428571429
59 0.12383648471108505 95.81428571428572
60 0.09280650498611587 96.97142857142858
61 0.09244705318872418 97.07142857142857
62 0.17392504909741027 94.94285714285714
63 0.11242690251341887 96.47142857142858
64 0.10438517914818866 96.47142857142858
65 0.10395204746829612 96.78571428571429
66 0.10693472477474383 96.62857142857143
67 0.09709473116589444 96.85714285714285
68 0.07066500931978226 97.89999999999999
69 0.0975425135344267 96.97142857142858
70 0.09174075863723244 96.95714285714286
71 0.09242226271224874 97.0
72 0.09264348037540912 97.2
73 0.10282318150358541 96.38571428571429
74 0.07649088813258069 97.71428571428571
75 0.07262070035295827 97.77142857142857
76 0.08325621491031987 97.24285714285715
77 0.18889828912381615 95.41428571428571
78 0.14568060620554857 95.04285714285714
79 0.07740245959056276 97.55714285714285
80 0.07845614403486252 97.48571428571428
81 0.08610685736473117 97.32857142857144
82 0.07744425335632903 97.45714285714286
83 0.14308437276631594 96.15714285714286
84 0.10357723579342876 97.14285714285714
85 0.06987059029883572 98.04285714285714
86 0.06761834057314055 97.82857142857144
87 0.08027226570993662 97.18571428571428
88 0.0553077702144427 98.38571428571429
89 0.06925637811156256 97.82857142857144
90 0.0755676917731762 97.39999999999999
91 0.07346943906907524 97.47142857142858
92 0.06271908381687744 98.24285714285715
93 0.06112308753654361 97.97142857142858
94 0.06935746633846845 97.65714285714286
95 0.07709783462009259 97.27142857142857
96 0.06146251281191196 97.91428571428571
97 0.05718422935211233 98.3
98 0.08877629693597555 97.12857142857143
99 0.06466041881857174 98.04285714285714
100 0.09504917024501733 97.07142857142857
101 0.10523690633209688 97.18571428571428
102 0.0768994653464428 97.52857142857142
103 0.07426763505541853 97.72857142857143
104 0.052359180232243875 98.32857142857144
105 0.06732523428010088 97.98571428571428
106 0.06511261980714543 97.72857142857143
107 0.06201662848304425 98.02857142857142
108 0.07505849550611206 97.52857142857142
109 0.05600094708747098 98.12857142857143
110 0.06064962860462921 98.0142857142857
111 0.04127751459101481 98.91428571428571
112 0.09614241964050702 97.5
113 0.06627565530527915 97.94285714285714
114 0.05993766038279448 98.08571428571429
115 0.04530601883307099 98.71428571428571
116 0.056419764046690295 98.27142857142857
117 0.05242370827389615 98.38571428571429
118 0.04451642582592155 98.54285714285714
119 0.08820695737376809 97.54285714285714
120 0.04228598150823797 98.77142857142857
121 0.052325225927467856 98.24285714285715
122 0.041146281734108926 98.7
123 0.04743506583784308 98.78571428571429
124 0.08315297144332102 97.57142857142857
125 0.04202170610826995 98.82857142857144
126 0.05183786817028054 98.4
127 0.04757553164048919 98.5142857142857
128 0.05684186711774341 98.14285714285714
129 0.03793219258742673 98.91428571428571
130 0.05250644999157105 98.31428571428572
131 0.044221421371081045 98.72857142857143
132 0.04387077164969274 98.4857142857143
133 0.08440417290133025 97.39999999999999
134 0.0692887813651136 97.88571428571429
135 0.04663949683308601 98.45714285714286
136 0.046467200267527785 98.67142857142858
137 0.04039599151749696 98.8
138 0.045318386011890005 98.62857142857143
139 0.06065079390204379 98.02857142857142
140 0.04419671545869538 98.72857142857143
141 0.0576129452791065 98.18571428571428
142 0.04343264866620302 98.64285714285714
143 0.04284049200692347 98.45714285714286
144 0.04621354080071407 98.61428571428571
145 0.07569779282701868 97.8142857142857
146 0.03871282641775906 98.97142857142858
147 0.038930887575926526 98.78571428571429
148 0.03970014210790396 98.78571428571429
149 0.0464868009755654 98.54285714285714
150 0.031275634680475506 99.04285714285714
151 0.0507455444828208 98.32857142857144
152 0.041206438167552865 98.7
153 0.05509080131139074 98.27142857142857
154 0.02941691008995154 99.08571428571429
155 0.026777853577264716 99.27142857142857
156 0.05506306646524795 98.37142857142858
157 0.04449012944075678 98.7
158 0.034016916947439316 98.94285714285715
159 0.04092280544739749 98.74285714285715
160 0.043248036171176604 98.57142857142858
161 0.03753507446630725 98.85714285714286
162 0.033315759039084826 99.04285714285714
163 0.03453142849196281 99.05714285714285
164 0.024073481549774962 99.27142857142857
165 0.03509430173518402 98.72857142857143
166 0.04871506035061819 98.47142857142858
167 0.04577306658029556 98.55714285714285
168 0.040773092855566316 98.87142857142858
169 0.034790785464325125 98.9
170 0.03480572732098933 98.71428571428571
171 0.025998210098727475 99.31428571428572
172 0.055794967551316535 98.4
173 0.0614380324492231 97.71428571428571
174 0.031030666495540312 99.11428571428571
175 0.025401766797793764 99.22857142857143
176 0.032222380372695626 99.0142857142857
177 0.04554645561812712 98.41428571428571
178 0.03009173249094082 99.3
179 0.04016362694757325 98.88571428571429
180 0.03063387142361275 99.18571428571428
181 0.026949310249515943 99.24285714285715
182 0.05681966659945569 98.2
183 0.03884578382463327 98.84285714285714
184 0.040354079852945035 98.71428571428571
185 0.032053078657814434 98.92857142857143
186 0.0724314680589097 97.78571428571429
187 0.03973527340484517 98.88571428571429
188 0.0318600752257875 99.15714285714286
189 0.02823945036756673 99.31428571428572
190 0.03414413768332451 98.9
191 0.033117573036413106 98.92857142857143
192 0.025951161504989224 99.2
193 0.026193154144233892 99.21428571428571
194 0.0541497206398552 98.38571428571429
195 0.03954594211785921 98.8
196 0.02586312348222626 99.21428571428571
197 0.02245118709813271 99.25714285714285
198 0.023466518107202967 99.37142857142857
199 0.049970227287017874 98.42857142857143
