0.30420732498168945
0.3030717372894287
0.30149078369140625
0.3035595417022705
0.300137996673584
0.3017764091491699
0.30109405517578125
0.30159521102905273
0.3045654296875
0.302417516708374
0.3005833625793457
0.2984747886657715
0.3114924430847168
0.30344700813293457
0.29857802391052246
0.29698991775512695
0.29703307151794434
0.3056035041809082
0.3009216785430908
0.30513739585876465
0.30301785469055176
0.3011474609375
0.30314207077026367
0.311168909072876
0.3071131706237793
0.2992091178894043
0.2991199493408203
0.30370140075683594
0.30902791023254395
0.3153035640716553
0.31299781799316406
0.31368041038513184
0.31912851333618164
0.3190422058105469
0.31699514389038086
0.3142983913421631
0.3132975101470947
0.3127734661102295
0.311978816986084
0.3124823570251465
0.3124110698699951
0.30629611015319824
0.3033614158630371
0.2969851493835449
0.3007540702819824
0.30303263664245605
0.30035901069641113
0.2998063564300537
0.2999241352081299
0.30794453620910645
0.29881811141967773
0.29924702644348145
0.3040604591369629
0.2990708351135254
0.3048274517059326
0.2995724678039551
0.30170154571533203
0.30481410026550293
0.2988162040710449
0.302293062210083
0.30188608169555664
0.3007032871246338
0.2977266311645508
0.30158352851867676
0.29976630210876465
0.30479979515075684
0.29929566383361816
0.3030526638031006
0.30356884002685547
0.3029823303222656
0.29892539978027344
0.31565046310424805
0.3003659248352051
0.3003711700439453
0.299574613571167
0.3002622127532959
0.3011293411254883
0.29531192779541016
0.2887136936187744
0.2884702682495117
0.28871703147888184
0.289323091506958
0.2889442443847656
0.2896866798400879
0.2902488708496094
0.2916707992553711
0.2996666431427002
0.30025315284729004
0.30048179626464844
0.301053524017334
0.30023622512817383
0.30791306495666504
0.2899625301361084
0.2884056568145752
0.2908518314361572
0.2906026840209961
0.29015135765075684
0.29176998138427734
0.3168354034423828
0.28888368606567383
0.2897624969482422
0.2908918857574463
0.303178071975708
0.2885243892669678
0.29044437408447266
0.28882265090942383
0.28878116607666016
0.2892792224884033
0.2888619899749756
0.2907238006591797
0.2893373966217041
0.2899148464202881
0.28859758377075195
0.2886643409729004
0.2893946170806885
0.2887437343597412
0.2892794609069824
0.28839707374572754
0.2909696102142334
0.289257287979126
0.2894887924194336
0.2897801399230957
0.2886383533477783
0.2888174057006836
0.2989082336425781
0.29360461235046387
0.29085206985473633
0.298858642578125
0.29001545906066895
0.282268762588501
0.2932567596435547
0.291517972946167
0.3051176071166992
0.30591917037963867
0.30765366554260254
0.3024272918701172
0.2970428466796875
0.29644131660461426
0.29355764389038086
0.29306554794311523
0.2917048931121826
0.2864227294921875
0.28949856758117676
0.28881216049194336
0.29071831703186035
0.29015207290649414
0.2886474132537842
0.28831028938293457
0.28868770599365234
0.30396580696105957
0.2910170555114746
0.2893712520599365
0.2906363010406494
0.28934144973754883
0.2912473678588867
0.2903282642364502
0.28933167457580566
0.28908491134643555
0.2898142337799072
0.2890772819519043
0.29082775115966797
0.28957176208496094
0.28861331939697266
0.28917860984802246
0.2890613079071045
0.28917956352233887
0.2889559268951416
0.28911566734313965
0.2898240089416504
0.3324258327484131
0.2899155616760254
0.2924933433532715
0.29006123542785645
0.29039645195007324
0.29013967514038086
0.28918910026550293
0.29154300689697266
0.2946360111236572
0.30076098442077637
0.2989308834075928
0.2991490364074707
0.3003261089324951
0.3015596866607666
0.2998514175415039
0.2993509769439697
0.3007044792175293
0.30126404762268066
0.2997312545776367
0.29778313636779785
0.3008899688720703
0.3016672134399414
0.2985215187072754
0.2997410297393799
0.30006885528564453
0.2908458709716797
0.2901957035064697
0.29277586936950684
0.29062819480895996
0.305006742477417
0.28891420364379883
