0.33571529388427734
0.3213236331939697
0.3191804885864258
0.3146343231201172
0.309063196182251
0.31133127212524414
0.31442785263061523
0.3096277713775635
0.3130972385406494
0.31093478202819824
0.31144285202026367
0.3157045841217041
0.3118555545806885
0.31508302688598633
0.36368775367736816
0.314969539642334
0.31660008430480957
0.31309986114501953
0.3118009567260742
0.3100404739379883
0.31177806854248047
0.3109161853790283
0.3119821548461914
0.31197285652160645
0.31041765213012695
0.31310009956359863
0.31162333488464355
0.31217217445373535
0.3445286750793457
0.32839179039001465
0.3090639114379883
0.31209778785705566
0.31166958808898926
0.3126232624053955
0.3115212917327881
0.3117845058441162
0.3109874725341797
0.312868595123291
0.3122694492340088
0.3102395534515381
0.3141796588897705
0.31207919120788574
0.31144213676452637
0.3143923282623291
0.3135206699371338
0.3340566158294678
0.3299369812011719
0.30285143852233887
0.2954730987548828
0.309251070022583
0.3021266460418701
0.3105478286743164
0.3126215934753418
0.311690092086792
0.3118443489074707
0.31157588958740234
0.31510210037231445
0.3138751983642578
0.3148789405822754
0.31313633918762207
0.3157382011413574
0.31374645233154297
0.3171675205230713
0.31416845321655273
0.31494784355163574
0.3115532398223877
0.31317949295043945
0.31056857109069824
0.3146500587463379
0.31172680854797363
0.30944395065307617
0.31237101554870605
0.30913400650024414
0.3145313262939453
0.30455636978149414
0.3052675724029541
0.30009913444519043
0.3116006851196289
0.30188465118408203
0.310791015625
0.3121347427368164
0.3113582134246826
0.3118584156036377
0.3123304843902588
0.3130216598510742
0.3163323402404785
0.31340718269348145
0.31486988067626953
0.31282567977905273
0.31598877906799316
0.32796692848205566
0.3260531425476074
0.3261375427246094
0.327038049697876
0.32621192932128906
0.32579612731933594
0.32514071464538574
0.3285233974456787
0.3253786563873291
0.32443928718566895
0.32851171493530273
0.324817419052124
0.3249201774597168
0.3251957893371582
0.3182978630065918
0.3126969337463379
0.3150043487548828
0.3113832473754883
0.31593894958496094
0.3122854232788086
0.3127608299255371
0.31351470947265625
0.31769251823425293
0.31238341331481934
0.3122406005859375
0.32500720024108887
0.3144996166229248
0.31146788597106934
0.30106210708618164
0.3017768859863281
0.31265783309936523
0.31230807304382324
0.3114962577819824
0.3124394416809082
0.31218719482421875
0.3113524913787842
0.31093811988830566
0.3096194267272949
0.3148488998413086
0.3114635944366455
0.31119441986083984
0.30808496475219727
0.3006715774536133
0.31201815605163574
0.31150293350219727
0.31160688400268555
0.31088781356811523
0.31180334091186523
0.3123910427093506
0.3113224506378174
0.3056528568267822
0.30131006240844727
0.3052406311035156
0.3121378421783447
0.3118252754211426
0.31224656105041504
0.31143760681152344
0.3125476837158203
0.3112335205078125
0.3111231327056885
0.3123157024383545
0.3134891986846924
0.3113088607788086
0.31218433380126953
0.31201863288879395
0.31121253967285156
0.3128058910369873
0.302034854888916
0.30312561988830566
0.30139946937561035
0.30100131034851074
0.30880141258239746
0.3115956783294678
0.3119511604309082
0.31215810775756836
0.3127439022064209
0.3146092891693115
0.31296825408935547
0.3118283748626709
0.31223177909851074
0.3138399124145508
0.3139817714691162
0.3115518093109131
0.31435585021972656
0.3100247383117676
0.3124263286590576
0.3143033981323242
0.31349849700927734
0.31870031356811523
0.3131868839263916
0.32213735580444336
0.31349611282348633
0.31209874153137207
0.3059408664703369
0.3071317672729492
0.3119161128997803
0.3142051696777344
0.31314873695373535
0.3642158508300781
0.3288853168487549
0.31657862663269043
0.313976526260376
0.31475162506103516
0.3143613338470459
0.313262939453125
0.3140835762023926
0.3170185089111328
0.3145751953125
0.314007043838501
0.3156270980834961
