0.28186988830566406
0.27696871757507324
0.27683496475219727
0.2777683734893799
0.28020811080932617
0.2769317626953125
0.27716588973999023
0.277712345123291
0.27582621574401855
0.27587032318115234
0.2814924716949463
0.27694249153137207
0.27765345573425293
0.2742435932159424
0.2761211395263672
0.28483104705810547
0.27921223640441895
0.2753479480743408
0.27691054344177246
0.2758457660675049
0.2935013771057129
0.3325929641723633
0.2868459224700928
0.285200834274292
0.28817009925842285
0.2755763530731201
0.2854650020599365
0.2755622863769531
0.27561068534851074
0.27591848373413086
0.27675867080688477
0.2747831344604492
0.27579832077026367
0.2758312225341797
0.27676844596862793
0.2809169292449951
0.2754795551300049
0.2790031433105469
0.27747392654418945
0.27796459197998047
0.2804381847381592
0.2770678997039795
0.27947115898132324
0.28707289695739746
0.27590394020080566
0.28054332733154297
0.2783203125
0.2809138298034668
0.2784559726715088
0.2781033515930176
0.27535200119018555
0.2770411968231201
0.27542948722839355
0.27584409713745117
0.27686357498168945
0.2739105224609375
0.2773447036743164
0.27617526054382324
0.27623605728149414
0.2757246494293213
0.2767298221588135
0.2751913070678711
0.28458738327026367
0.2697031497955322
0.2695930004119873
0.2704966068267822
0.27132344245910645
0.2989797592163086
0.2756190299987793
0.2727782726287842
0.27014970779418945
0.269838809967041
0.27278637886047363
0.26983165740966797
0.2723534107208252
0.27020692825317383
0.2696514129638672
0.2699427604675293
0.2738773822784424
0.27611303329467773
0.2772045135498047
0.27686548233032227
0.28008413314819336
0.2764413356781006
0.27574682235717773
0.2821023464202881
0.2760500907897949
0.28682494163513184
0.2772531509399414
0.276653528213501
0.2758901119232178
0.2754991054534912
0.2784855365753174
0.2763352394104004
0.27655029296875
0.2756633758544922
0.2761514186859131
0.2762749195098877
0.27570533752441406
0.27756261825561523
0.27608633041381836
0.27839207649230957
0.27594923973083496
0.2771310806274414
0.2759823799133301
0.27572107315063477
0.29686665534973145
0.2978382110595703
0.28270983695983887
0.278719425201416
0.2767465114593506
0.27550840377807617
0.27527952194213867
0.2757890224456787
0.2762479782104492
0.27660417556762695
0.28140807151794434
0.2758827209472656
0.2775840759277344
0.275421142578125
0.2769203186035156
0.27835941314697266
0.286266565322876
0.27843809127807617
0.27689099311828613
0.27626729011535645
0.27657437324523926
0.27831435203552246
0.27434754371643066
0.2754521369934082
0.27554941177368164
0.27579331398010254
0.27582216262817383
0.2887232303619385
0.27603650093078613
0.27640676498413086
0.2762415409088135
0.27558279037475586
0.275301456451416
0.27583980560302734
0.27596473693847656
0.2757256031036377
0.2760739326477051
0.2769887447357178
0.27600812911987305
0.275864839553833
0.2763936519622803
0.27576327323913574
0.27607107162475586
0.2756226062774658
0.2751309871673584
0.2760322093963623
0.2763795852661133
0.2772068977355957
0.2778475284576416
0.2769782543182373
0.27788805961608887
0.28087306022644043
0.27724313735961914
0.2813267707824707
0.2767446041107178
0.277876615524292
0.2797112464904785
0.27469706535339355
0.2755746841430664
0.27718234062194824
0.27579379081726074
0.2755861282348633
0.27617740631103516
0.2744286060333252
0.277341365814209
0.27579212188720703
0.27497386932373047
0.27489733695983887
0.2755467891693115
0.27752065658569336
0.2794482707977295
0.28896188735961914
0.28788065910339355
0.2879660129547119
0.280367374420166
0.276050329208374
0.27494049072265625
0.2752206325531006
0.27612996101379395
0.2753133773803711
0.27457571029663086
0.28490209579467773
0.2750833034515381
0.27554988861083984
0.2744626998901367
0.27577853202819824
0.27433323860168457
0.2761218547821045
0.27553725242614746
0.27464818954467773
0.27505993843078613
0.2745077610015869
0.2754218578338623
0.27736330032348633
