0 47.315181280885426 52.25714285714286
1 1.9794713616371156 67.38571428571429
2 1.2406753437859672 72.45714285714286
3 0.9866586216858455 74.5
4 0.9098120114633015 75.72857142857143
5 0.8054142372948783 77.94285714285715
6 0.7254913483347212 78.57142857142857
7 1.0248657699142183 75.3
8 0.6429341188498906 79.14285714285715
9 0.8532793662377767 79.04285714285714
10 3.0194486767053603 69.24285714285713
11 0.6269046574831009 80.28571428571428
12 0.6684303547654833 80.35714285714286
13 0.5590738258191518 81.24285714285713
14 0.5648986326796668 81.65714285714286
15 0.6006126382521221 80.37142857142857
16 30.677460136583875 69.18571428571428
17 2.2530185188565937 72.44285714285714
18 1.027268977676119 77.0
19 0.7371018013783863 79.3
20 0.673871951018061 80.15714285714286
21 0.6002019939678056 80.7
22 0.8975231864622661 78.41428571428571
23 0.680547907948494 80.45714285714286
24 0.6060513202633176 80.80000000000001
25 0.5348042134727751 81.92857142857143
26 2.546708354779652 74.07142857142858
27 0.5102228264723505 82.84285714285714
28 0.6572368149246488 82.98571428571428
29 0.6687613391450473 81.5
30 0.7071365594863892 80.38571428571429
31 0.7641936076538903 80.10000000000001
32 0.7362922515187945 81.24285714285713
33 2.1507997683116367 75.71428571428571
34 1.1653616832835334 79.78571428571428
35 0.7660028781209673 81.21428571428572
36 0.6663699535386903 83.61428571428571
37 1.2865023229803358 79.85714285714286
38 0.6082652724214963 83.64285714285714
39 0.4717610469886235 84.97142857142858
40 0.6563732306872095 82.07142857142857
41 0.6060653856822422 82.51428571428572
42 0.6700975654380662 82.25714285714287
43 1.1902158524308886 79.08571428571427
44 0.749438744357654 82.84285714285714
45 0.5353445380926132 84.52857142857142
46 0.5323284006544522 84.27142857142857
47 0.5322231050048556 84.37142857142858
48 16.620578229427338 71.3
49 1.063241771715028 81.34285714285714
50 0.6825376327548708 83.41428571428573
51 0.8659181211675916 82.87142857142857
52 0.5644879515681948 83.57142857142857
53 0.4970206611922809 85.3142857142857
54 0.5830486261418888 84.28571428571429
55 0.9425373394574438 84.32857142857144
56 0.8034124376518386 83.05714285714285
57 0.5087943309119769 85.5142857142857
58 0.5605110053505217 84.31428571428572
59 0.8845533124038152 81.18571428571428
60 0.8055809874619756 83.84285714285714
61 0.7222665646246501 83.25714285714285
62 0.8197036758065224 82.97142857142858
63 10.533070095096315 79.15714285714286
64 3.719027873873711 78.55714285714286
65 0.7885698808091027 82.72857142857143
66 0.7394388724650656 84.8
67 0.49805596470832825 86.55714285714285
68 0.6838319214326994 84.31428571428572
69 0.45074049064091276 86.95714285714286
70 0.4593083973441805 86.12857142857143
71 0.41125935784408024 86.87142857142857
72 3.9112503937312533 78.18571428571428
73 0.6205541521310807 86.17142857142858
74 0.507563690841198 86.11428571428571
75 1.2048321121505328 83.55714285714285
76 0.5613053358026914 86.28571428571429
77 0.43885956172432217 87.27142857142857
78 6.774871254180159 80.52857142857142
79 2.252518856525421 79.35714285714286
80 0.7334372456584658 85.12857142857143
81 0.4992830155151231 86.5
82 0.43868427319186076 87.21428571428571
83 0.4735943379146712 86.68571428571428
84 1.1433034454073225 83.84285714285714
85 0.4376833454838821 87.21428571428571
86 1.45016175614936 83.51428571428572
87 0.7670753406626838 85.72857142857143
88 1.1077074563929012 83.39999999999999
89 1.3853209299700602 83.85714285714285
90 0.7141171957765307 85.52857142857142
91 0.4219189777970314 87.74285714285715
92 0.7391269362398556 85.42857142857143
93 1.0013106733560562 83.67142857142858
94 0.6647243910602161 85.81428571428572
95 0.8941890467490469 85.37142857142858
96 0.5840644864099366 86.28571428571429
97 0.7839086264371872 83.98571428571428
98 0.7050437231148993 85.6
99 1.6452919630067688 83.12857142857143
100 1.8693471325295312 83.91428571428573
101 0.7874867380729743 86.57142857142858
102 0.8005740477570465 86.18571428571428
103 0.693786118711744 86.9
104 0.5107266856091363 87.25714285714285
105 0.4753833008663995 86.92857142857143
106 0.5481232951794351 87.24285714285715
107 1.0512375703879766 82.57142857142857
108 0.715766501213823 85.64285714285714
109 2.731855590428625 81.61428571428571
110 0.873367863893509 86.15714285714286
111 0.5732239346419062 86.68571428571428
112 0.4312482879630157 88.18571428571428
113 1.325421747139522 85.58571428571429
114 1.0027226194739343 85.65714285714286
115 0.396159100319658 88.62857142857142
116 0.5323225781321526 87.78571428571429
117 0.607837902860982 85.9857142857143
118 0.407021949333804 88.38571428571429
119 7.10140757049833 78.82857142857142
120 0.6560041167906352 86.3
121 0.5079140402376652 88.41428571428571
122 0.7125297740101815 86.47142857142858
123 0.44188129188758984 88.58571428571429
124 0.42228831042136467 88.64285714285714
125 0.7920651134635721 86.31428571428572
126 1.5321206925170763 83.94285714285714
127 0.7652047874672072 85.58571428571429
128 0.5427575062428202 87.3
129 2.8818784451910426 84.0
130 3.4706308918339865 82.6
131 0.8277331917413644 88.32857142857144
132 1.3590569374816759 88.1
133 0.7776060374719757 85.68571428571428
134 0.6114308422165258 87.35714285714286
135 1.0122733350311006 85.27142857142857
136 0.46989310532808304 88.97142857142856
137 0.5950101087135928 88.3
138 1.0293238636638438 86.55714285714285
139 0.7765127352305821 87.47142857142856
140 1.4702002250722477 83.21428571428572
141 0.6311679752809661 88.57142857142857
142 0.42382195591926575 89.51428571428572
143 2.194585097900459 83.45714285714286
144 0.6208532708031791 88.47142857142856
145 0.5868302896618843 88.61428571428571
146 1.6484779487763133 86.15714285714286
147 0.8154108127313001 88.54285714285714
148 1.4198286972939969 85.42857142857143
149 0.8553408403481756 86.25714285714285
150 0.5753220221826009 87.9857142857143
151 1.9599918065326554 85.0142857142857
152 0.6687787390180997 86.67142857142856
153 4.694107444797243 82.89999999999999
154 1.3756036639213562 86.72857142857143
155 0.5609924653811115 88.9857142857143
156 0.778819420507976 88.27142857142857
157 0.6509240367582866 89.38571428571429
158 0.5288865712072168 89.0142857142857
159 3.395834955360208 84.05714285714285
160 1.4646377086639404 86.34285714285714
161 0.565978635421821 89.44285714285715
162 0.5101325675845146 89.85714285714286
163 0.4174696201724665 90.37142857142857
164 1.1682359501719475 86.28571428571429
165 0.5040854986224855 89.8
166 1.267586119047233 85.0
167 1.4209569349884987 85.27142857142857
168 1.3730388375265257 87.35714285714286
169 0.662770205203976 88.17142857142856
170 1.3426321142486164 86.5142857142857
171 0.9093554782015937 87.68571428571428
172 0.5800854495593479 89.6857142857143
173 0.416396072187594 90.05714285714286
174 1.0454793578812054 86.54285714285714
175 2.9355308794549533 84.6
176 1.0635120567466532 87.05714285714285
177 2.076890045404434 89.1
178 1.8993521820221628 87.88571428571429
179 0.9281724467873573 88.85714285714286
180 0.724362237645047 89.05714285714285
181 0.4699949996812003 90.28571428571428
182 1.5637174273175853 86.15714285714286
183 1.0083047866821289 86.84285714285714
184 6.438069679800953 85.0
185 2.555301088201148 85.81428571428572
186 0.6221743011048861 88.78571428571429
187 0.5356207387787956 89.35714285714286
188 0.4820306990827833 90.07142857142857
189 0.4425309464335442 90.15714285714286
190 0.6111971990338394 89.85714285714286
191 1.0999193055289131 85.54285714285714
192 1.6165905901363917 85.78571428571429
193 0.6238105906971864 89.71428571428571
194 1.4361517516630036 87.02857142857144
195 0.8919682750744479 89.1
196 0.475726238318852 90.44285714285715
197 1.1469582161733083 86.4857142857143
198 2.325756420195103 86.72857142857143
199 1.3515458279422352 87.08571428571429
