0 1.1028781958988734 65.48571428571428
1 0.6079175582953862 78.27142857142857
2 0.5036692053079606 81.78571428571428
3 0.45150173604488375 83.15714285714286
4 0.4169059585247721 84.22857142857143
5 0.37623855535473144 85.81428571428572
6 0.37440686715500693 85.9857142857143
7 0.34191248565912247 86.71428571428571
8 0.31252697514636174 87.9857142857143
9 0.3173703547034945 87.84285714285714
10 0.31079935750791005 87.55714285714285
11 0.2782452753611973 89.27142857142857
12 0.28607586813824515 89.21428571428571
13 0.26367208659648894 89.47142857142858
14 0.2713801185999598 90.48571428571428
15 0.23997663472379957 90.91428571428571
16 0.2501209606017385 91.05714285714286
17 0.23088680686695234 91.67142857142856
18 0.23306085328970635 91.34285714285714
19 0.20820182487368583 91.9
20 0.2184177577495575 92.0
21 0.22544570873890604 91.44285714285715
22 0.18989812305995396 92.81428571428572
23 0.21471386328339576 91.98571428571428
24 0.18448490500450135 93.21428571428572
25 0.19148530491760798 92.87142857142857
26 0.19925132425768036 92.87142857142857
27 0.1815906962113721 92.97142857142858
28 0.1664751033165625 93.71428571428572
29 0.19453851208090783 93.31428571428572
30 0.16360539203243596 94.02857142857142
31 0.1521647771554334 94.41428571428571
32 0.17086090211357388 93.45714285714286
33 0.15976121909916402 93.51428571428572
34 0.17137465173644678 94.27142857142857
35 0.17143661103078298 93.87142857142857
36 0.13831874350351947 94.51428571428572
37 0.16863212840897696 94.14285714285714
38 0.15250319316983224 94.28571428571428
39 0.15332716064793722 94.64285714285714
40 0.144365438499621 94.87142857142857
41 0.14690787574010236 94.87142857142857
42 0.1540330270571368 94.98571428571428
43 0.1395818040307079 94.91428571428571
44 0.13989854119718076 95.35714285714286
45 0.12194425777665206 95.52857142857142
46 0.13345171202506337 94.89999999999999
47 0.13362492533134562 95.18571428571428
48 0.11838820132293872 95.74285714285715
49 0.14849339760839939 94.92857142857143
50 0.10750862838966506 96.27142857142857
51 0.1182117228529283 95.72857142857143
52 0.12402012161910533 95.72857142857143
53 0.12897928593946353 95.5
54 0.12699655459395476 95.68571428571428
55 0.11879226448280471 96.2
56 0.1061486294226987 95.97142857142858
57 0.12597500186945712 95.51428571428572
58 0.09894608743488789 96.5
59 0.11493399340127196 95.88571428571429
60 0.12813088949769735 95.32857142857142
61 0.10212457403540612 96.22857142857143
62 0.11032505767153843 96.31428571428572
63 0.10189101201082978 96.37142857142858
64 0.11639614741184882 96.39999999999999
65 0.1056976580992341 96.25714285714285
66 0.11076614345823016 96.01428571428572
67 0.09736114375825439 96.34285714285714
68 0.10431182200887373 96.12857142857143
69 0.10915031105812106 96.37142857142858
70 0.08698491065629892 97.05714285714285
71 0.10760970945869174 96.39999999999999
72 0.0912802387827209 96.78571428571429
73 0.0983226199235235 96.47142857142858
74 0.08596728965640069 97.04285714285714
75 0.08773044315832002 97.05714285714285
76 0.10390212070196866 96.82857142857144
77 0.0942521704893027 97.0
78 0.10871372888130801 96.48571428571428
79 0.09755768544439758 96.68571428571428
80 0.08377369469297784 97.12857142857143
81 0.0957285222198282 96.65714285714286
82 0.08628660330016698 97.2
83 0.08349425715527364 97.39999999999999
84 0.11817741729319095 96.47142857142858
85 0.09664449871384671 97.05714285714285
86 0.08080636451819113 97.21428571428572
87 0.08202470925503544 97.44285714285714
88 0.0954595864883491 96.88571428571429
89 0.075471913362188 97.02857142857142
90 0.07454167701570051 97.5142857142857
91 0.09941790008119174 96.72857142857143
92 0.07697756037648235 97.35714285714285
93 0.09252938982099294 96.84285714285714
94 0.056226523952292544 98.0
95 0.10072390700557403 97.07142857142857
96 0.06556233832878726 97.8
97 0.09847116100468806 97.08571428571429
98 0.07569876342479671 97.44285714285714
99 0.07314126282664282 97.65714285714286
100 0.11064523495733739 96.57142857142857
101 0.044561381192345706 98.62857142857143
102 0.08614838451945356 97.21428571428572
103 0.06604136444096054 97.65714285714286
104 0.07596065789195043 97.71428571428571
105 0.09405572323926857 97.31428571428572
106 0.08345259459955352 97.18571428571428
107 0.05406899073028139 98.14285714285714
108 0.11467391687578389 96.6
109 0.058138522705329314 98.17142857142858
110 0.05828890160524419 98.07142857142857
111 0.08418815775907465 96.94285714285714
112 0.07675428258787309 97.44285714285714
113 0.05398293756214636 98.15714285714286
114 0.048825669581336634 98.35714285714286
115 0.09954332312169883 96.98571428571428
116 0.054560827796480485 98.41428571428571
117 0.08173929728301509 97.98571428571428
118 0.06251483044720121 97.88571428571429
119 0.06691411367750594 98.05714285714285
120 0.08868602519588811 97.39999999999999
121 0.07873382845760456 97.5
122 0.04722868143580854 98.58571428571429
123 0.055708559276536104 98.02857142857142
124 0.11914832359179854 96.95714285714286
125 0.0458886462263763 98.6
126 0.05309174767296229 98.15714285714286
127 0.06701352567678051 97.98571428571428
128 0.07868636412812131 97.68571428571428
129 0.055993660452908704 98.27142857142857
130 0.08797437752197895 97.75714285714285
131 0.043775071183751735 99.04285714285714
132 0.06474446749447711 98.0142857142857
133 0.08174281339826328 97.27142857142857
134 0.07583879066764244 97.52857142857142
135 0.040133545181847044 98.74285714285715
136 0.0683317441825888 97.74285714285715
137 0.029567142236711724 99.11428571428571
138 0.0880254193874342 97.3
139 0.06558737098904592 97.72857142857143
140 0.05034251761223588 98.42857142857143
141 0.06385492709731418 98.14285714285714
142 0.05918890919004168 98.05714285714285
143 0.06900934313556978 97.67142857142858
144 0.06334112798129873 98.21428571428571
145 0.05865166055570756 98.3
146 0.03925229040573218 98.65714285714286
147 0.06511357157890285 98.17142857142858
148 0.060205632734245486 98.12857142857143
149 0.07722352618750716 97.98571428571428
150 0.0718261874347393 98.17142857142858
151 0.03205228531733155 98.95714285714286
152 0.05677314390029226 98.24285714285715
153 0.0669490667791771 98.02857142857142
154 0.047763493311192305 98.31428571428572
155 0.08191856856324843 97.17142857142858
156 0.03253109679291291 98.95714285714286
157 0.0716318922849106 98.2
158 0.041000375258071084 98.7
159 0.058483907640246406 98.37142857142858
160 0.061326219706929155 98.17142857142858
161 0.047885759567309706 98.65714285714286
162 0.05347381388502462 98.41428571428571
163 0.07090037768440587 97.78571428571429
164 0.048875495495407706 98.25714285714285
165 0.03834638230036944 98.95714285714286
166 0.0770801689043375 97.52857142857142
167 0.028055705319690916 99.24285714285715
168 0.06443882677704096 98.11428571428571
169 0.07732048391730391 98.0
170 0.050051785094131315 98.67142857142858
171 0.02398694631244455 99.24285714285715
172 0.0759465974556016 97.95714285714286
173 0.04963518403736608 98.24285714285715
174 0.03508218927308917 98.88571428571429
175 0.07796118895722819 97.75714285714285
176 0.04685742879020316 98.7
177 0.035171881710578286 98.9857142857143
178 0.05456676793816898 98.5
179 0.07460112645224269 98.25714285714285
180 0.020747656611326548 99.42857142857143
181 0.06813151072378137 98.11428571428571
182 0.04704417918609189 98.67142857142858
183 0.050820253144151395 98.62857142857143
184 0.060027570483673895 98.07142857142857
185 0.031764587414051804 98.97142857142858
186 0.05193628235720098 98.71428571428571
187 0.05888901140673884 98.14285714285714
188 0.04820687765854278 98.5142857142857
189 0.04374410903214344 98.87142857142858
190 0.053690934966185266 98.75714285714285
191 0.04754737831785211 98.71428571428571
192 0.04641684784686991 98.21428571428571
193 0.036537551879882814 98.8
194 0.08197816017616008 97.54285714285714
195 0.022499535688465196 99.38571428571429
196 0.05777117965543377 98.22857142857143
197 0.06733701583995882 98.18571428571428
198 0.037248436777320294 98.82857142857144
199 0.02602240121923387 99.17142857142856
