0 1.0409737731388637 67.88571428571429
1 0.6371660947799682 78.28571428571428
2 0.5128888798441206 81.38571428571429
3 0.4673709761074611 82.41428571428571
4 0.4253503962244306 83.81428571428572
5 0.41708938132013595 84.78571428571429
6 0.36943943520954675 85.78571428571429
7 0.35258194606644766 86.31428571428572
8 0.35928416674477714 86.8
9 0.33745748492649624 87.42857142857143
10 0.29745220599855693 88.2
11 0.27591563068117414 88.68571428571428
12 0.27608939439909796 89.34285714285714
13 0.2597338429519108 89.75714285714285
14 0.2513980493204934 90.28571428571428
15 0.2551080297061375 90.37142857142857
16 0.23137454053333828 91.12857142857142
17 0.2237380576814924 91.28571428571428
18 0.2194181614603315 90.94285714285715
19 0.21056376382282802 91.67142857142856
20 0.2075572682108198 91.77142857142857
21 0.19806350929396493 92.52857142857142
22 0.18501148094449724 92.92857142857143
23 0.1994085512161255 92.10000000000001
24 0.17658753524507795 93.02857142857142
25 0.2431668951170785 91.98571428571428
26 0.24108546597617014 92.47142857142858
27 0.1855211421762194 92.98571428571428
28 0.1803986677782876 93.30000000000001
29 0.16642599712099349 93.87142857142857
30 0.15041054793766567 93.81428571428572
31 0.16404907843044825 94.05714285714286
32 0.1564014139175415 93.98571428571428
33 0.15639389027867998 94.24285714285713
34 0.14504167032241821 94.52857142857142
35 0.143968535559518 94.68571428571428
36 0.1521798436982291 94.39999999999999
37 0.14317530080250332 94.3
38 0.1447596983228411 94.38571428571429
39 0.13145032487596783 95.24285714285713
40 0.126841885975429 95.17142857142858
41 0.13482253210885184 94.88571428571429
42 0.12675043542044503 95.12857142857143
43 0.1262974931171962 95.15714285714286
44 0.1182657823562622 95.7
45 0.12613889285496302 95.51428571428572
46 0.11630666412625994 95.61428571428571
47 0.11992461919784546 95.71428571428572
48 0.15685858351843698 95.08571428571429
49 0.15160054019519262 94.98571428571428
